0.000000 3.000000 3.000000 3.000000 3.000000 3.000000 3.000000 3.000000 3.000000 3.000000 3.000000 3.000000 3.000000 3.000000 3.000000 3.000000 3.000000 3.000000 3.000000 3.000000 3.000000 3.000000 3.000000 3.000000 3.000000 3.000000 3.000000 3.000000 3.000000 3.000000 3.000000 3.000000 3.000000 3.000000 3.000000 3.000000 3.000000 3.000000 3.000000 3.000000 3.000000 3.000000 3.000000 3.000000 3.000000 3.000000 3.000000 3.000000 3.000000 0.000000 
4.000000 3.075246 2.737169 2.567796 2.481096 2.439538 2.421159 2.413633 2.410758 2.409726 2.409375 2.409262 2.409226 2.409216 2.409213 2.409212 2.409212 2.409212 2.409212 2.409212 2.409212 2.409212 2.409212 2.409212 2.409212 2.409212 2.409212 2.409212 2.409212 2.409212 2.409212 2.409212 2.409212 2.409212 2.409212 2.409212 2.409212 2.409212 2.409212 2.409212 2.409213 2.409233 2.409422 2.410622 2.415901 2.432463 2.469371 2.521496 2.514262 2.000000 
4.000000 3.013152 2.442179 2.124454 1.959738 1.881593 1.847616 1.833970 1.828861 1.827063 1.826463 1.826273 1.826214 1.826197 1.826193 1.826191 1.826191 1.826191 1.826191 1.826191 1.826191 1.826191 1.826191 1.826191 1.826191 1.826191 1.826191 1.826191 1.826191 1.826191 1.826191 1.826191 1.826191 1.826191 1.826191 1.826191 1.826191 1.826191 1.826191 1.826191 1.826192 1.826218 1.826498 1.828438 1.837652 1.868559 1.942288 2.061962 2.155282 2.000000 
4.000000 2.890581 2.141156 1.701709 1.472147 1.364159 1.317879 1.299596 1.292866 1.290537 1.289772 1.289533 1.289461 1.289441 1.289435 1.289433 1.289433 1.289433 1.289433 1.289433 1.289433 1.289433 1.289433 1.289433 1.289433 1.289433 1.289433 1.289433 1.289433 1.289433 1.289433 1.289433 1.289433 1.289433 1.289433 1.289433 1.289433 1.289433 1.289433 1.289433 1.289434 1.289461 1.289773 1.292090 1.303878 1.346044 1.453523 1.646902 1.874970 2.000000 
4.000000 2.755461 1.866121 1.332285 1.052880 0.922489 0.867280 0.845762 0.837949 0.835281 0.834416 0.834148 0.834069 0.834046 0.834040 0.834038 0.834037 0.834037 0.834037 0.834037 0.834037 0.834037 0.834037 0.834037 0.834037 0.834037 0.834037 0.834037 0.834037 0.834037 0.834037 0.834037 0.834037 0.834037 0.834037 0.834037 0.834037 0.834037 0.834037 0.834037 0.834039 0.834066 0.834384 0.836843 0.850010 0.899793 1.034362 1.295300 1.654362 2.000000 
4.000000 2.637267 1.643045 1.041078 0.726576 0.580881 0.519789 0.496227 0.487759 0.484894 0.483974 0.483691 0.483608 0.483584 0.483577 0.483576 0.483575 0.483575 0.483575 0.483575 0.483575 0.483575 0.483575 0.483575 0.483575 0.483575 0.483575 0.483575 0.483575 0.483575 0.483575 0.483575 0.483575 0.483575 0.483575 0.483575 0.483575 0.483575 0.483575 0.483575 0.483576 0.483604 0.483921 0.486411 0.500116 0.554052 0.706913 1.020249 1.486777 2.000000 
4.000000 2.550616 1.484773 0.838169 0.501444 0.346404 0.281863 0.257152 0.248332 0.245367 0.244420 0.244130 0.244045 0.244021 0.244014 0.244012 0.244012 0.244012 0.244012 0.244012 0.244012 0.244012 0.244012 0.244012 0.244012 0.244012 0.244012 0.244012 0.244012 0.244012 0.244012 0.244012 0.244012 0.244012 0.244012 0.244012 0.244012 0.244012 0.244012 0.244012 0.244013 0.244040 0.244358 0.246847 0.260667 0.316231 0.478908 0.826054 1.368461 2.000000 
4.000000 2.497561 1.388948 0.716655 0.367628 0.207627 0.141334 0.116065 0.107083 0.104073 0.103114 0.102822 0.102736 0.102712 0.102705 0.102703 0.102703 0.102703 0.102703 0.102703 0.102703 0.102703 0.102703 0.102703 0.102703 0.102703 0.102703 0.102703 0.102703 0.102703 0.102703 0.102703 0.102703 0.102703 0.102703 0.102703 0.102703 0.102703 0.102703 0.102703 0.102704 0.102732 0.103049 0.105539 0.119358 0.175268 0.341701 0.706134 1.293675 2.000000 
4.000000 2.471295 1.341360 0.656642 0.301906 0.139706 0.072673 0.047180 0.038136 0.035110 0.034148 0.033855 0.033769 0.033744 0.033738 0.033736 0.033735 0.033735 0.033735 0.033735 0.033735 0.033735 0.033735 0.033735 0.033735 0.033735 0.033735 0.033735 0.033735 0.033735 0.033735 0.033735 0.033735 0.033735 0.033735 0.033735 0.033735 0.033735 0.033735 0.033735 0.033737 0.033764 0.034082 0.036571 0.050391 0.106301 0.273509 0.644242 1.253207 2.000000 
4.000000 2.461428 1.323192 0.633752 0.276937 0.113975 0.046700 0.021138 0.012075 0.009045 0.008081 0.007788 0.007702 0.007678 0.007671 0.007669 0.007669 0.007669 0.007669 0.007669 0.007669 0.007669 0.007669 0.007669 0.007669 0.007669 0.007669 0.007669 0.007669 0.007669 0.007669 0.007669 0.007669 0.007669 0.007669 0.007669 0.007669 0.007669 0.007669 0.007669 0.007670 0.007697 0.008015 0.010504 0.024324 0.080234 0.247443 0.619415 1.235649 2.000000 
4.000000 2.458937 1.318460 0.627768 0.270427 0.107283 0.039953 0.014376 0.005310 0.002279 0.001315 0.001022 0.000936 0.000911 0.000905 0.000903 0.000902 0.000902 0.000902 0.000902 0.000902 0.000902 0.000902 0.000902 0.000902 0.000902 0.000902 0.000902 0.000902 0.000902 0.000902 0.000902 0.000902 0.000902 0.000902 0.000902 0.000902 0.000902 0.000902 0.000902 0.000904 0.000931 0.001249 0.003738 0.017558 0.073468 0.240676 0.612648 1.230213 2.000000 
4.000000 2.458622 1.317831 0.626966 0.269556 0.106389 0.039052 0.013474 0.004408 0.001377 0.000413 0.000120 0.000034 0.000009 0.000002 0.000001 0.000000 0.000000 0.000000 0.000000 0.000000 0.000000 0.000000 0.000000 0.000000 0.000000 0.000000 0.000000 0.000000 0.000000 0.000000 0.000000 0.000000 0.000000 0.000000 0.000000 0.000000 0.000000 0.000000 0.000000 0.000001 0.000029 0.000346 0.002836 0.016656 0.072566 0.239774 0.611746 1.229311 2.000000 
4.000000 2.458622 1.317831 0.626966 0.269556 0.106389 0.039052 0.013474 0.004408 0.001377 0.000413 0.000120 0.000034 0.000009 0.000002 0.000001 0.000000 0.000000 0.000000 0.000000 0.000000 0.000000 0.000000 0.000000 0.000000 0.000000 0.000000 0.000000 0.000000 0.000000 0.000000 0.000000 0.000000 0.000000 0.000000 0.000000 0.000000 0.000000 0.000000 0.000000 0.000001 0.000029 0.000346 0.002836 0.016656 0.072566 0.239774 0.611746 1.229311 2.000000 
4.000000 2.458622 1.317831 0.626966 0.269556 0.106389 0.039052 0.013474 0.004408 0.001377 0.000413 0.000120 0.000034 0.000009 0.000002 0.000001 0.000000 0.000000 0.000000 0.000000 0.000000 0.000000 0.000000 0.000000 0.000000 0.000000 0.000000 0.000000 0.000000 0.000000 0.000000 0.000000 0.000000 0.000000 0.000000 0.000000 0.000000 0.000000 0.000000 0.000000 0.000001 0.000029 0.000346 0.002836 0.016656 0.072566 0.239774 0.611746 1.229311 2.000000 
4.000000 2.458622 1.317831 0.626966 0.269556 0.106389 0.039052 0.013474 0.004408 0.001377 0.000413 0.000120 0.000034 0.000009 0.000002 0.000001 0.000000 0.000000 0.000000 0.000000 0.000000 0.000000 0.000000 0.000000 0.000000 0.000000 0.000000 0.000000 0.000000 0.000000 0.000000 0.000000 0.000000 0.000000 0.000000 0.000000 0.000000 0.000000 0.000000 0.000000 0.000001 0.000029 0.000346 0.002836 0.016656 0.072566 0.239774 0.611746 1.229311 2.000000 
4.000000 2.458622 1.317831 0.626966 0.269556 0.106389 0.039052 0.013474 0.004408 0.001377 0.000413 0.000120 0.000034 0.000009 0.000003 0.000001 0.000000 0.000000 0.000000 0.000000 0.000000 0.000000 0.000000 0.000000 0.000000 0.000000 0.000000 0.000000 0.000000 0.000000 0.000000 0.000000 0.000000 0.000000 0.000000 0.000000 0.000000 0.000000 0.000000 0.000000 0.000002 0.000029 0.000346 0.002836 0.016656 0.072566 0.239774 0.611746 1.229311 2.000000 
4.000000 2.458622 1.317831 0.626966 0.269556 0.106389 0.039052 0.013474 0.004408 0.001377 0.000413 0.000120 0.000034 0.000009 0.000003 0.000001 0.000000 0.000000 0.000000 0.000000 0.000000 0.000000 0.000000 0.000000 0.000000 0.000000 0.000000 0.000000 0.000000 0.000000 0.000000 0.000000 0.000000 0.000000 0.000000 0.000000 0.000000 0.000000 0.000000 0.000000 0.000002 0.000029 0.000346 0.002836 0.016656 0.072566 0.239774 0.611746 1.229311 2.000000 
4.000000 2.458622 1.317831 0.626966 0.269556 0.106389 0.039053 0.013475 0.004408 0.001377 0.000413 0.000120 0.000034 0.000009 0.000003 0.000001 0.000000 0.000000 0.000000 0.000000 0.000000 0.000000 0.000000 0.000000 0.000000 0.000000 0.000000 0.000000 0.000000 0.000000 0.000000 0.000000 0.000000 0.000000 0.000000 0.000000 0.000000 0.000000 0.000000 0.000000 0.000002 0.000029 0.000347 0.002836 0.016656 0.072566 0.239774 0.611746 1.229311 2.000000 
4.000000 2.458622 1.317831 0.626966 0.269556 0.106390 0.039053 0.013475 0.004408 0.001377 0.000413 0.000120 0.000034 0.000010 0.000003 0.000001 0.000001 0.000001 0.000000 0.000000 0.000000 0.000000 0.000000 0.000000 0.000000 0.000000 0.000000 0.000000 0.000000 0.000000 0.000000 0.000000 0.000000 0.000000 0.000000 0.000000 0.000000 0.000000 0.000000 0.000001 0.000002 0.000029 0.000347 0.002836 0.016656 0.072566 0.239774 0.611747 1.229311 2.000000 
4.000000 2.458622 1.317831 0.626966 0.269556 0.106390 0.039053 0.013475 0.004409 0.001378 0.000414 0.000120 0.000034 0.000010 0.000003 0.000002 0.000001 0.000001 0.000001 0.000001 0.000001 0.000001 0.000001 0.000001 0.000001 0.000001 0.000001 0.000001 0.000001 0.000001 0.000001 0.000001 0.000001 0.000001 0.000001 0.000001 0.000001 0.000001 0.000001 0.000001 0.000002 0.000030 0.000347 0.002837 0.016656 0.072566 0.239775 0.611747 1.229312 2.000000 
4.000000 2.458622 1.317831 0.626966 0.269557 0.106390 0.039054 0.013476 0.004409 0.001378 0.000415 0.000121 0.000035 0.000011 0.000004 0.000002 0.000002 0.000002 0.000002 0.000002 0.000002 0.000002 0.000002 0.000002 0.000002 0.000002 0.000002 0.000002 0.000002 0.000002 0.000002 0.000002 0.000002 0.000002 0.000002 0.000002 0.000002 0.000002 0.000002 0.000002 0.000003 0.000030 0.000348 0.002837 0.016657 0.072567 0.239775 0.611747 1.229312 2.000000 
4.000000 2.458622 1.317831 0.626967 0.269557 0.106391 0.039055 0.013477 0.004410 0.001380 0.000416 0.000122 0.000036 0.000012 0.000005 0.000004 0.000003 0.000003 0.000003 0.000003 0.000003 0.000003 0.000003 0.000003 0.000003 0.000003 0.000003 0.000003 0.000003 0.000003 0.000003 0.000003 0.000003 0.000003 0.000003 0.000003 0.000003 0.000003 0.000003 0.000003 0.000004 0.000032 0.000349 0.002839 0.016658 0.072568 0.239777 0.611748 1.229313 2.000000 
4.000000 2.458623 1.317832 0.626968 0.269558 0.106393 0.039056 0.013479 0.004413 0.001382 0.000418 0.000125 0.000039 0.000014 0.000008 0.000006 0.000005 0.000005 0.000005 0.000005 0.000005 0.000005 0.000005 0.000005 0.000005 0.000005 0.000005 0.000005 0.000005 0.000005 0.000005 0.000005 0.000005 0.000005 0.000005 0.000005 0.000005 0.000005 0.000005 0.000005 0.000007 0.000034 0.000352 0.002841 0.016661 0.072571 0.239779 0.611750 1.229314 2.000000 
4.000000 2.458623 1.317833 0.626969 0.269561 0.106396 0.039060 0.013483 0.004417 0.001386 0.000422 0.000129 0.000043 0.000019 0.000012 0.000010 0.000010 0.000009 0.000009 0.000009 0.000009 0.000009 0.000009 0.000009 0.000009 0.000009 0.000009 0.000009 0.000009 0.000009 0.000009 0.000009 0.000009 0.000009 0.000009 0.000009 0.000009 0.000009 0.000009 0.000009 0.000011 0.000038 0.000356 0.002845 0.016665 0.072575 0.239782 0.611753 1.229316 2.000000 
4.000000 2.458624 1.317834 0.626972 0.269565 0.106401 0.039066 0.013489 0.004424 0.001393 0.000430 0.000136 0.000050 0.000026 0.000019 0.000017 0.000017 0.000017 0.000017 0.000017 0.000017 0.000017 0.000017 0.000017 0.000017 0.000017 0.000017 0.000017 0.000017 0.000017 0.000017 0.000017 0.000017 0.000017 0.000017 0.000017 0.000017 0.000017 0.000017 0.000017 0.000018 0.000045 0.000363 0.002853 0.016672 0.072582 0.239789 0.611759 1.229319 2.000000 
4.000000 2.458625 1.317837 0.626977 0.269572 0.106410 0.039076 0.013501 0.004436 0.001406 0.000442 0.000149 0.000063 0.000039 0.000032 0.000030 0.000030 0.000030 0.000030 0.000030 0.000030 0.000030 0.000030 0.000030 0.000030 0.000030 0.000030 0.000030 0.000030 0.000030 0.000030 0.000030 0.000030 0.000030 0.000030 0.000030 0.000030 0.000030 0.000030 0.000030 0.000031 0.000058 0.000376 0.002866 0.016685 0.072594 0.239800 0.611768 1.229325 2.000000 
4.000000 2.458627 1.317843 0.626986 0.269585 0.106426 0.039095 0.013521 0.004457 0.001428 0.000465 0.000172 0.000086 0.000062 0.000055 0.000053 0.000053 0.000052 0.000052 0.000052 0.000052 0.000052 0.000052 0.000052 0.000052 0.000052 0.000052 0.000052 0.000052 0.000052 0.000052 0.000052 0.000052 0.000052 0.000052 0.000052 0.000052 0.000052 0.000052 0.000052 0.000054 0.000081 0.000399 0.002888 0.016707 0.072616 0.239820 0.611784 1.229334 2.000000 
4.000000 2.458631 1.317853 0.627003 0.269608 0.106454 0.039128 0.013557 0.004495 0.001466 0.000503 0.000211 0.000125 0.000101 0.000094 0.000092 0.000092 0.000092 0.000092 0.000092 0.000092 0.000092 0.000092 0.000092 0.000092 0.000092 0.000092 0.000092 0.000092 0.000092 0.000092 0.000092 0.000092 0.000092 0.000092 0.000092 0.000092 0.000092 0.000092 0.000092 0.000093 0.000120 0.000438 0.002927 0.016746 0.072653 0.239854 0.611812 1.229351 2.000000 
4.000000 2.458639 1.317869 0.627031 0.269647 0.106504 0.039185 0.013618 0.004559 0.001532 0.000570 0.000278 0.000192 0.000168 0.000161 0.000160 0.000159 0.000159 0.000159 0.000159 0.000159 0.000159 0.000159 0.000159 0.000159 0.000159 0.000159 0.000159 0.000159 0.000159 0.000159 0.000159 0.000159 0.000159 0.000159 0.000159 0.000159 0.000159 0.000159 0.000159 0.000160 0.000188 0.000505 0.002994 0.016812 0.072717 0.239913 0.611859 1.229379 2.000000 
4.000000 2.458651 1.317899 0.627080 0.269716 0.106589 0.039282 0.013724 0.004669 0.001645 0.000684 0.000392 0.000307 0.000283 0.000276 0.000274 0.000274 0.000274 0.000274 0.000274 0.000274 0.000274 0.000274 0.000274 0.000274 0.000274 0.000274 0.000274 0.000274 0.000274 0.000274 0.000274 0.000274 0.000274 0.000274 0.000274 0.000274 0.000274 0.000274 0.000274 0.000275 0.000302 0.000620 0.003108 0.016925 0.072826 0.240011 0.611938 1.229426 2.000000 
4.000000 2.458673 1.317950 0.627165 0.269835 0.106736 0.039449 0.013904 0.004856 0.001835 0.000877 0.000585 0.000500 0.000476 0.000470 0.000468 0.000468 0.000467 0.000467 0.000467 0.000467 0.000467 0.000467 0.000467 0.000467 0.000467 0.000467 0.000467 0.000467 0.000467 0.000467 0.000467 0.000467 0.000467 0.000467 0.000467 0.000467 0.000467 0.000467 0.000467 0.000469 0.000496 0.000813 0.003302 0.017116 0.073009 0.240177 0.612071 1.229505 2.000000 
4.000000 2.458710 1.318037 0.627310 0.270036 0.106984 0.039731 0.014206 0.005170 0.002155 0.001199 0.000909 0.000824 0.000800 0.000794 0.000792 0.000792 0.000792 0.000792 0.000792 0.000792 0.000792 0.000792 0.000792 0.000792 0.000792 0.000792 0.000792 0.000792 0.000792 0.000792 0.000792 0.000792 0.000792 0.000792 0.000792 0.000792 0.000792 0.000792 0.000792 0.000793 0.000820 0.001138 0.003625 0.017435 0.073315 0.240454 0.612290 1.229632 2.000000 
4.000000 2.458772 1.318182 0.627553 0.270375 0.107401 0.040201 0.014710 0.005692 0.002685 0.001733 0.001445 0.001361 0.001338 0.001331 0.001330 0.001329 0.001329 0.001329 0.001329 0.001329 0.001329 0.001329 0.001329 0.001329 0.001329 0.001329 0.001329 0.001329 0.001329 0.001329 0.001329 0.001329 0.001329 0.001329 0.001329 0.001329 0.001329 0.001329 0.001329 0.001330 0.001358 0.001674 0.004160 0.017962 0.073821 0.240908 0.612648 1.229840 2.000000 
4.000000 2.458874 1.318422 0.627957 0.270938 0.108091 0.040979 0.015539 0.006549 0.003556 0.002610 0.002324 0.002242 0.002218 0.002212 0.002210 0.002210 0.002210 0.002210 0.002210 0.002210 0.002210 0.002210 0.002210 0.002210 0.002210 0.002210 0.002210 0.002210 0.002210 0.002210 0.002210 0.002210 0.002210 0.002210 0.002210 0.002210 0.002210 0.002210 0.002210 0.002211 0.002238 0.002555 0.005037 0.018827 0.074648 0.241649 0.613228 1.230172 2.000000 
4.000000 2.459036 1.318812 0.628620 0.271863 0.109224 0.042250 0.016891 0.007943 0.004970 0.004033 0.003750 0.003668 0.003646 0.003640 0.003638 0.003638 0.003637 0.003637 0.003637 0.003637 0.003637 0.003637 0.003637 0.003637 0.003637 0.003637 0.003637 0.003637 0.003637 0.003637 0.003637 0.003637 0.003637 0.003637 0.003637 0.003637 0.003637 0.003637 0.003637 0.003639 0.003666 0.003981 0.006458 0.020227 0.075986 0.242840 0.614153 1.230696 2.000000 
4.000000 2.459290 1.319432 0.629689 0.273362 0.111056 0.044300 0.019066 0.010180 0.007236 0.006311 0.006033 0.005953 0.005931 0.005925 0.005924 0.005923 0.005923 0.005923 0.005923 0.005923 0.005923 0.005923 0.005923 0.005923 0.005923 0.005923 0.005923 0.005923 0.005923 0.005923 0.005923 0.005923 0.005923 0.005923 0.005923 0.005923 0.005923 0.005923 0.005923 0.005925 0.005951 0.006265 0.008733 0.022468 0.078121 0.244735 0.615612 1.231513 2.000000 
4.000000 2.459671 1.320399 0.631387 0.275756 0.113980 0.047563 0.022516 0.013724 0.010821 0.009913 0.009642 0.009564 0.009543 0.009537 0.009536 0.009535 0.009535 0.009535 0.009535 0.009535 0.009535 0.009535 0.009535 0.009535 0.009535 0.009535 0.009535 0.009535 0.009535 0.009535 0.009535 0.009535 0.009535 0.009535 0.009535 0.009535 0.009535 0.009535 0.009535 0.009537 0.009563 0.009874 0.012329 0.026006 0.081487 0.247705 0.617878 1.232766 2.000000 
4.000000 2.460218 1.321865 0.634036 0.279524 0.118581 0.052682 0.027914 0.019256 0.016411 0.015526 0.015264 0.015189 0.015169 0.015164 0.015162 0.015162 0.015162 0.015162 0.015162 0.015162 0.015162 0.015162 0.015162 0.015162 0.015162 0.015162 0.015162 0.015162 0.015162 0.015162 0.015162 0.015162 0.015162 0.015162 0.015162 0.015162 0.015162 0.015162 0.015162 0.015163 0.015189 0.015497 0.017929 0.031514 0.086716 0.252296 0.621344 1.234654 2.000000 
4.000000 2.460949 1.324019 0.638089 0.285355 0.125706 0.060587 0.036228 0.027759 0.024995 0.024141 0.023890 0.023819 0.023800 0.023795 0.023794 0.023794 0.023794 0.023794 0.023794 0.023794 0.023794 0.023794 0.023794 0.023794 0.023794 0.023794 0.023794 0.023794 0.023794 0.023794 0.023794 0.023794 0.023794 0.023794 0.023794 0.023794 0.023794 0.023794 0.023794 0.023795 0.023820 0.024122 0.026519 0.039960 0.094718 0.259280 0.626554 1.237443 2.000000 
4.000000 2.461814 1.327056 0.644158 0.294223 0.136552 0.072590 0.048816 0.040611 0.037955 0.037142 0.036905 0.036839 0.036821 0.036817 0.036816 0.036815 0.036815 0.036815 0.036815 0.036815 0.036815 0.036815 0.036815 0.036815 0.036815 0.036815 0.036815 0.036815 0.036815 0.036815 0.036815 0.036815 0.036815 0.036815 0.036815 0.036815 0.036815 0.036815 0.036815 0.036817 0.036841 0.037134 0.039478 0.052695 0.106759 0.269723 0.634237 1.241465 2.000000 
4.000000 2.462586 1.331114 0.653026 0.307450 0.152761 0.090481 0.067528 0.059681 0.057167 0.056406 0.056187 0.056127 0.056111 0.056107 0.056106 0.056105 0.056105 0.056105 0.056105 0.056105 0.056105 0.056105 0.056105 0.056105 0.056105 0.056105 0.056105 0.056105 0.056105 0.056105 0.056105 0.056105 0.056105 0.056105 0.056105 0.056105 0.056105 0.056105 0.056105 0.056106 0.056129 0.056410 0.058676 0.071554 0.124553 0.285049 0.645323 1.247107 2.000000 
4.000000 2.462647 1.336124 0.665642 0.326778 0.176504 0.116618 0.094791 0.087417 0.085084 0.084387 0.084189 0.084136 0.084122 0.084118 0.084117 0.084117 0.084117 0.084117 0.084117 0.084117 0.084117 0.084117 0.084117 0.084117 0.084117 0.084117 0.084117 0.084117 0.084117 0.084117 0.084117 0.084117 0.084117 0.084117 0.084117 0.084117 0.084117 0.084117 0.084117 0.084118 0.084139 0.084402 0.086556 0.098936 0.150338 0.307086 0.660937 1.254744 2.000000 
4.000000 2.460552 1.341534 0.683057 0.354392 0.210531 0.153973 0.133646 0.126878 0.124769 0.124149 0.123976 0.123930 0.123918 0.123915 0.123914 0.123914 0.123914 0.123914 0.123914 0.123914 0.123914 0.123914 0.123914 0.123914 0.123914 0.123914 0.123914 0.123914 0.123914 0.123914 0.123914 0.123914 0.123914 0.123914 0.123914 0.123914 0.123914 0.123914 0.123914 0.123915 0.123934 0.124172 0.126171 0.137840 0.186906 0.338067 0.682316 1.264606 2.000000 
4.000000 2.453205 1.345848 0.706297 0.392903 0.258144 0.206080 0.187692 0.181677 0.179835 0.179304 0.179158 0.179119 0.179110 0.179108 0.179107 0.179107 0.179107 0.179107 0.179107 0.179107 0.179107 0.179107 0.179107 0.179107 0.179107 0.179107 0.179107 0.179107 0.179107 0.179107 0.179107 0.179107 0.179107 0.179107 0.179107 0.179107 0.179107 0.179107 0.179107 0.179108 0.179123 0.179332 0.181123 0.191814 0.237556 0.380568 0.710642 1.276483 2.000000 
4.000000 2.434290 1.345905 0.736180 0.445232 0.323038 0.276849 0.260876 0.255757 0.254222 0.253787 0.253671 0.253641 0.253633 0.253632 0.253631 0.253631 0.253631 0.253631 0.253631 0.253631 0.253631 0.253631 0.253631 0.253631 0.253631 0.253631 0.253631 0.253631 0.253631 0.253631 0.253631 0.253631 0.253631 0.253631 0.253631 0.253631 0.253631 0.253631 0.253631 0.253632 0.253644 0.253816 0.255346 0.264743 0.305915 0.437324 0.746728 1.289163 2.000000 
4.000000 2.391316 1.335958 0.773117 0.514382 0.408953 0.370146 0.357052 0.352954 0.351753 0.351421 0.351334 0.351312 0.351307 0.351306 0.351305 0.351305 0.351305 0.351305 0.351305 0.351305 0.351305 0.351305 0.351305 0.351305 0.351305 0.351305 0.351305 0.351305 0.351305 0.351305 0.351305 0.351305 0.351305 0.351305 0.351305 0.351305 0.351305 0.351305 0.351305 0.351306 0.351314 0.351445 0.352663 0.360433 0.395573 0.510929 0.790551 1.299375 2.000000 
4.000000 2.299978 1.306803 0.817077 0.603094 0.519089 0.489113 0.479280 0.476283 0.475427 0.475196 0.475137 0.475123 0.475119 0.475118 0.475118 0.475118 0.475118 0.475118 0.475118 0.475118 0.475118 0.475118 0.475118 0.475118 0.475118 0.475118 0.475118 0.475118 0.475118 0.475118 0.475118 0.475118 0.475118 0.475118 0.475118 0.475118 0.475118 0.475118 0.475118 0.475118 0.475124 0.475212 0.476085 0.481934 0.509499 0.603437 0.840711 1.299794 2.000000 
4.000000 2.113256 1.246009 0.868031 0.713395 0.655267 0.635233 0.628861 0.626975 0.626451 0.626313 0.626279 0.626271 0.626269 0.626268 0.626268 0.626268 0.626268 0.626268 0.626268 0.626268 0.626268 0.626268 0.626268 0.626268 0.626268 0.626268 0.626268 0.626268 0.626268 0.626268 0.626268 0.626268 0.626268 0.626268 0.626268 0.626268 0.626268 0.626268 0.626268 0.626268 0.626271 0.626320 0.626846 0.630602 0.649258 0.715963 0.894155 1.275268 2.000000 
4.000000 1.739808 1.142080 0.927317 0.846069 0.816908 0.807217 0.804234 0.803378 0.803148 0.803089 0.803075 0.803071 0.803071 0.803071 0.803071 0.803071 0.803071 0.803071 0.803071 0.803071 0.803071 0.803071 0.803071 0.803071 0.803071 0.803071 0.803071 0.803071 0.803071 0.803071 0.803071 0.803071 0.803071 0.803071 0.803071 0.803071 0.803071 0.803071 0.803071 0.803071 0.803071 0.803090 0.803310 0.805019 0.814089 0.848488 0.947142 1.195451 2.000000 
0.000000 1.000000 1.000000 1.000000 1.000000 1.000000 1.000000 1.000000 1.000000 1.000000 1.000000 1.000000 1.000000 1.000000 1.000000 1.000000 1.000000 1.000000 1.000000 1.000000 1.000000 1.000000 1.000000 1.000000 1.000000 1.000000 1.000000 1.000000 1.000000 1.000000 1.000000 1.000000 1.000000 1.000000 1.000000 1.000000 1.000000 1.000000 1.000000 1.000000 1.000000 1.000000 1.000000 1.000000 1.000000 1.000000 1.000000 1.000000 1.000000 0.000000 
