0.239400
0.146699
0.116106
0.094030
0.076755
0.062512
0.050351
0.039709
0.030231
0.021674
0.013866
0.006683
0.000028
-0.006173
-0.011977
-0.017433
-0.022579
-0.027447
-0.032065
-0.036454
-0.040635
-0.044624
-0.048437
-0.052085
-0.055581
-0.058933
-0.062152
-0.065245
-0.068219
-0.071080
-0.073835
-0.076488
-0.079045
-0.081509
-0.083886
-0.086177
-0.088387
-0.090520
-0.092576
-0.094561
-0.096475
-0.098321
-0.100101
-0.101817
-0.103472
-0.105066
-0.106601
-0.108079
-0.109502
-0.110869
-0.112184
-0.113446
-0.114657
-0.115818
-0.116930
-0.117993
-0.119009
-0.119979
-0.120902
-0.121780
-0.122613
-0.123403
-0.124148
-0.124851
-0.125511
-0.126129
-0.126705
-0.127240
-0.127734
-0.128188
-0.128601
-0.128974
-0.129307
-0.129600
-0.129854
-0.130069
-0.130244
-0.130380
-0.130478
-0.130536
-0.130555
-0.130536
-0.130478
-0.130380
-0.130244
-0.130069
-0.129854
-0.129600
-0.129307
-0.128974
-0.128601
-0.128188
-0.127734
-0.127240
-0.126705
-0.126129
-0.125511
-0.124851
-0.124148
-0.123403
-0.122613
-0.121780
-0.120902
-0.119979
-0.119009
-0.117993
-0.116930
-0.115818
-0.114657
-0.113446
-0.112184
-0.110869
-0.109502
-0.108079
-0.106601
-0.105066
-0.103472
-0.101817
-0.100101
-0.098321
-0.096475
-0.094561
-0.092576
-0.090520
-0.088387
-0.086177
-0.083886
-0.081509
-0.079045
-0.076488
-0.073835
-0.071080
-0.068219
-0.065245
-0.062152
-0.058933
-0.055581
-0.052085
-0.048437
-0.044624
-0.040635
-0.036454
-0.032065
-0.027447
-0.022579
-0.017433
-0.011977
-0.006173
0.000028
0.006683
0.013866
0.021674
0.030231
0.039709
0.050351
0.062512
0.076755
0.094030
0.116106
0.146699
0.239400
