0.239404
0.146704
0.116111
0.094034
0.076759
0.062516
0.050354
0.039713
0.030234
0.021677
0.013869
0.006685
0.000030
-0.006171
-0.011976
-0.017432
-0.022578
-0.027447
-0.032064
-0.036454
-0.040635
-0.044625
-0.048437
-0.052086
-0.055582
-0.058934
-0.062153
-0.065247
-0.068221
-0.071082
-0.073837
-0.076491
-0.079048
-0.081513
-0.083889
-0.086181
-0.088391
-0.090524
-0.092581
-0.094565
-0.096479
-0.098326
-0.100106
-0.101823
-0.103477
-0.105072
-0.106607
-0.108086
-0.109508
-0.110876
-0.112191
-0.113453
-0.114664
-0.115826
-0.116938
-0.118001
-0.119017
-0.119987
-0.120910
-0.121789
-0.122622
-0.123412
-0.124157
-0.124860
-0.125521
-0.126139
-0.126715
-0.127250
-0.127745
-0.128198
-0.128611
-0.128984
-0.129318
-0.129611
-0.129865
-0.130080
-0.130256
-0.130392
-0.130489
-0.130548
-0.130567
-0.130548
-0.130490
-0.130393
-0.130257
-0.130081
-0.129867
-0.129613
-0.129320
-0.128987
-0.128614
-0.128201
-0.127748
-0.127254
-0.126719
-0.126143
-0.125525
-0.124865
-0.124162
-0.123417
-0.122627
-0.121794
-0.120916
-0.119993
-0.119024
-0.118008
-0.116944
-0.115833
-0.114672
-0.113461
-0.112199
-0.110884
-0.109516
-0.108094
-0.106616
-0.105081
-0.103487
-0.101832
-0.100116
-0.098336
-0.096490
-0.094576
-0.092591
-0.090535
-0.088402
-0.086192
-0.083901
-0.081524
-0.079060
-0.076503
-0.073850
-0.071095
-0.068234
-0.065260
-0.062167
-0.058948
-0.055595
-0.052100
-0.048452
-0.044639
-0.040650
-0.036469
-0.032079
-0.027462
-0.022594
-0.017448
-0.011992
-0.006187
0.000014
0.006669
0.013853
0.021660
0.030217
0.039696
0.050337
0.062499
0.076742
0.094017
0.116093
0.146687
0.239388
