-789621800134316074866057517138853641117955145714920791561828410981395334905832389504143769099696562202993248632984765355000147120556748819129402846990714960234994204625102687924014916042752.000000
-1011953559048442485218050706676391734683211944876451698279716549266784130498251211088406543293125965133705016085289537736052089447937480530790505591466790951351981540659946186378675427999744.000000
-738370075912581276967162618885443145860960341648499373686169799568101610909760188033625391449916955043195774864607991250352307981914473715410223308468831014258994846529495359047063658561536.000000
-526426234431229371621580319426509365114000278535903979333557222296006463702707203078134817084769602025114774620574833707131330543240957122651751763960354991099248716470884287105917020798976.000000
-363305173329140549058380806851486686957923039199028696677605870043725339481997547444164698172298146743312187325406992647447102136157070638939568126631468874949355879256657981752197297209344.000000
-239142487032791141279849632386637849707081166203149002211512923733694107448972915650623597217516044052090043752204294770068536017359767443875433301633054020050991214564688803244287574671360.000000
-146429696340645752527696552529307105479477339926622211825260955151706672862462275924397885166328438634154687445989090940349910758597174405534535294296934254102311482772268625826835532349440.000000
-79560188819346155969332143712753308875862527651592117946767538255684754586233699360700478802779517229552101886859560084858380865465811944456518280877197314520260531235297721539425512456192.000000
-34490170625710323378951963829044196853024586187037070598250732449921822389529547795447691934396494727495019728682149560873359725160430387528399459831896285188870805457421784011656407285760.000000
-8494126515067854984318525149697197811027089101762669042135905959555330622240872448034594838447193276115782358131153612303209835561643836408767541048317958565786428497192689081084857548800.000000
-4153202584379015680893534459868197961692445048384402686119152303876795146178855255153488031160185002567814731376067451449681334419446724567880191524920455935819776.000000
-8494126515092566769509459008182352238693653694835788532945713758154244313056279187189965432581889967156190462055934585895923276233604497404265580432882606595298913745040231924905245933568.000000
-34490170625644170225632954400699701819355612427677361560220817695614807836495200690769979239049284162598670377992588108694132470891508252111879725969205278078198395969165589094068259913728.000000
-79560188819356404722843185481883440949077279282029198702045919721301193574120548789465830717025387215421077145536316538368096409239686316645127366880460344714062565933443265932546424176640.000000
-146429696340629305055998591077792082061829533388484875590545724564352387669232098258928300797161612593484114783497282695200080685331107539759753895341471412282997206876602171476487643856896.000000
-239142487032797757368089037932923968149518441765482441975101381150411808635723400651395196944962850015818432003657766507779181949087095092890101007227920651910640190206930572475442552373248.000000
-363305173328948991662439887389856827755393322450346487447726981473711897645053598543319689241174736690690254587062549250927652636238743006720497547819349010452229462998106569807168129728512.000000
-526426234431134334914814279009296617020298479103132980112665081646519484973403507319387632214809407948006991980537580801885883841699811360637319394807924961489150814021112330953718883155968.000000
-738370075912699748229468235957258126568528752652526201602389280039420447113628685804451420214291536599304110283158008534965369712658023019261656242298405468867288653356927413690922885447680.000000
-1011953559048495908584768897255748803227752188669499286651122411024205568118367276889029554176434753476334244583007290833080108934034780425637915849728143941321483549584216173441459547013120.000000
-789621800134144922228238128801283773373409549859416480668250372388174803271016104624370049047614703253458868445851963766373343952133917674525662575153417418295663694552904396037688016240640.000000
