0.203445
-0.218055
-0.231795
-0.209676
-0.199952
-0.193224
-0.187911
-0.183432
-0.179485
-0.175895
-0.172552
-0.169383
-0.166339
-0.163387
-0.160501
-0.157666
-0.154869
-0.152100
-0.149353
-0.146623
-0.143908
-0.141204
-0.138510
-0.135824
-0.133146
-0.130476
-0.127813
-0.125158
-0.122509
-0.119868
-0.117235
-0.114609
-0.111991
-0.109381
-0.106778
-0.104184
-0.101597
-0.099017
-0.096445
-0.093879
-0.091319
-0.088764
-0.086213
-0.083666
-0.081120
-0.078575
-0.076028
-0.073478
-0.070922
-0.068359
-0.065785
-0.063197
-0.060592
-0.057965
-0.055313
-0.052630
-0.049911
-0.047149
-0.044339
-0.041470
-0.038536
-0.035524
-0.032424
-0.029222
-0.025901
-0.022444
-0.018828
-0.015027
-0.011008
-0.006732
-0.002149
0.002803
0.008208
0.014178
0.020871
0.028518
0.037483
0.048374
0.062327
0.081714
0.141217
