0.199737
0.101967
0.068970
0.044930
0.026020
0.010395
-0.002943
-0.014586
-0.024914
-0.034184
-0.042582
-0.050242
-0.057268
-0.063739
-0.069721
-0.075263
-0.080409
-0.085194
-0.089646
-0.093792
-0.097651
-0.101243
-0.104583
-0.107685
-0.110561
-0.113221
-0.115674
-0.117929
-0.119993
-0.121871
-0.123570
-0.125094
-0.126447
-0.127633
-0.128655
-0.129516
-0.130217
-0.130761
-0.131148
-0.131380
-0.131457
-0.131380
-0.131148
-0.130761
-0.130217
-0.129516
-0.128655
-0.127633
-0.126447
-0.125094
-0.123570
-0.121872
-0.119993
-0.117929
-0.115674
-0.113221
-0.110561
-0.107685
-0.104584
-0.101244
-0.097652
-0.093792
-0.089647
-0.085194
-0.080410
-0.075264
-0.069721
-0.063740
-0.057268
-0.050242
-0.042582
-0.034185
-0.024914
-0.014587
-0.002944
0.010394
0.026020
0.044930
0.068969
0.101966
0.199737
