0.199754
0.101986
0.068990
0.044953
0.026044
0.010420
-0.002916
-0.014558
-0.024884
-0.034153
-0.042549
-0.050208
-0.057232
-0.063703
-0.069683
-0.075224
-0.080369
-0.085152
-0.089604
-0.093748
-0.097607
-0.101197
-0.104537
-0.107638
-0.110512
-0.113172
-0.115624
-0.117879
-0.119942
-0.121819
-0.123518
-0.125041
-0.126394
-0.127579
-0.128601
-0.129461
-0.130162
-0.130706
-0.131093
-0.131325
-0.131402
-0.131325
-0.131093
-0.130706
-0.130162
-0.129461
-0.128601
-0.127579
-0.126394
-0.125041
-0.123518
-0.121819
-0.119942
-0.117879
-0.115624
-0.113172
-0.110512
-0.107638
-0.104537
-0.101197
-0.097607
-0.093748
-0.089604
-0.085152
-0.080369
-0.075224
-0.069683
-0.063703
-0.057232
-0.050208
-0.042549
-0.034153
-0.024884
-0.014558
-0.002916
0.010420
0.026044
0.044953
0.068990
0.101986
0.199754
