0.239383
0.146681
0.116087
0.094010
0.076735
0.062491
0.050328
0.039686
0.030207
0.021649
0.013841
0.006657
0.000001
-0.006201
-0.012006
-0.017462
-0.022609
-0.027478
-0.032096
-0.036486
-0.040668
-0.044658
-0.048471
-0.052120
-0.055616
-0.058969
-0.062189
-0.065282
-0.068257
-0.071119
-0.073874
-0.076528
-0.079085
-0.081550
-0.083927
-0.086219
-0.088430
-0.090563
-0.092620
-0.094605
-0.096519
-0.098366
-0.100146
-0.101863
-0.103518
-0.105113
-0.106649
-0.108127
-0.109550
-0.110918
-0.112233
-0.113495
-0.114707
-0.115868
-0.116980
-0.118044
-0.119060
-0.120030
-0.120953
-0.121832
-0.122665
-0.123455
-0.124201
-0.124904
-0.125564
-0.126182
-0.126759
-0.127294
-0.127788
-0.128242
-0.128655
-0.129028
-0.129361
-0.129654
-0.129908
-0.130123
-0.130299
-0.130435
-0.130532
-0.130591
-0.130610
-0.130591
-0.130532
-0.130435
-0.130299
-0.130123
-0.129908
-0.129654
-0.129361
-0.129028
-0.128655
-0.128242
-0.127788
-0.127294
-0.126759
-0.126182
-0.125564
-0.124904
-0.124201
-0.123455
-0.122665
-0.121832
-0.120953
-0.120030
-0.119060
-0.118044
-0.116980
-0.115868
-0.114707
-0.113495
-0.112233
-0.110918
-0.109550
-0.108127
-0.106649
-0.105113
-0.103518
-0.101863
-0.100146
-0.098366
-0.096519
-0.094605
-0.092620
-0.090563
-0.088430
-0.086219
-0.083927
-0.081550
-0.079085
-0.076528
-0.073874
-0.071119
-0.068257
-0.065282
-0.062189
-0.058969
-0.055616
-0.052120
-0.048471
-0.044658
-0.040668
-0.036486
-0.032096
-0.027478
-0.022609
-0.017462
-0.012006
-0.006201
0.000001
0.006657
0.013841
0.021649
0.030207
0.039686
0.050328
0.062491
0.076735
0.094010
0.116087
0.146681
0.239383
