0.199737
0.101966
0.068969
0.044930
0.026020
0.010395
-0.002943
-0.014586
-0.024914
-0.034184
-0.042582
-0.050242
-0.057267
-0.063739
-0.069720
-0.075263
-0.080409
-0.085194
-0.089646
-0.093792
-0.097651
-0.101243
-0.104583
-0.107685
-0.110560
-0.113220
-0.115674
-0.117929
-0.119992
-0.121871
-0.123570
-0.125093
-0.126447
-0.127633
-0.128655
-0.129515
-0.130216
-0.130760
-0.131147
-0.131379
-0.131457
-0.131379
-0.131147
-0.130760
-0.130216
-0.129515
-0.128655
-0.127633
-0.126447
-0.125093
-0.123570
-0.121871
-0.119992
-0.117929
-0.115674
-0.113220
-0.110560
-0.107685
-0.104583
-0.101243
-0.097651
-0.093792
-0.089646
-0.085194
-0.080409
-0.075263
-0.069720
-0.063739
-0.057267
-0.050242
-0.042582
-0.034184
-0.024914
-0.014586
-0.002943
0.010395
0.026020
0.044930
0.068969
0.101966
0.199737
