-490432764047763182492429425447062882523935900555822414817779228133312954368.000000
-8047010039861789340882570325042467347151320499763841764229358527165618978816.000000
-32050488929463341127594023174153119583673097577883653076217798544976538238976.000000
-41826693759924904251747395590005086474868480459422098306722553013043982237696.000000
-18250745759494522552176694419136225346645529280096248462566685794509978075136.000000
-510006494896492283081739611793288324087077323433566576939645888782648999936.000000
-49037204361200840761301438947224155825160062367483936912744129027123848413184.000000
-150825355696072605947946695160208821373176700166374937221270166372849108910080.000000
-204135232176198804738293154514725208143057039668977391501670229279355487387648.000000
-138961323431678364609138667819680396565173927845275714212545793976866063777792.000000
-27615950372187140840292205899036449551221851565419229493045185330999319330816.000000
-9510358180303561533593496349442797922851311249864894573541961269886792499200.000000
-98641710044163979547459957271099815725629076156805135781417766288513069744128.000000
-147768068145105335169843839202388000620706494821430937994239579247194333511680.000000
-65974135486501567259417843706062468875641309204439235898253476222104047190016.000000
-1997036302076610866980052012494974752160104727192354470994022984839371685888.000000
-176656754047879208065244839816116530546443918317472032616342703515100029911040.000000
-525832124836501253272932421139088410117128199646362835898197942585005640253440.000000
-677699279043266730182957231350389819164271238786184030931008110812862183636992.000000
-415553151545847996745760278124257669980900211310240661081842238639851794595840.000000
-48005261924765341821321329102996273576500388887595853435702947327936768770048.000000
