-0.000000 -0.000546 -0.002161 -0.004775 -0.008272 -0.012500 -0.017275 -0.022387 -0.027613 -0.032725 -0.037500 -0.041728 -0.045225 -0.047839 -0.049454 -0.050000 -0.049454 -0.047839 -0.045225 -0.041728 -0.037500 -0.032725 -0.027613 -0.022387 -0.017275 -0.012500 -0.008272 -0.004775 -0.002161 -0.000546 0.000000 0.000546 0.002161 0.004775 0.008272 0.012500 0.017275 0.022387 0.027613 0.032725 0.037500 0.041728 0.045225 0.047839 0.049454 0.050000 0.049454 0.047839 0.045225 0.041728 0.037500 0.032725 0.027613 0.022387 0.017275 0.012500 0.008272 0.004775 0.002161 0.000546 0.000000 
0.000000 -0.009863 -0.020118 -0.030830 -0.041911 -0.053193 -0.064461 -0.075474 -0.085976 -0.095711 -0.104433 -0.111914 -0.117955 -0.122392 -0.125104 -0.126017 -0.125104 -0.122392 -0.117955 -0.111914 -0.104433 -0.095711 -0.085976 -0.075474 -0.064461 -0.053193 -0.041911 -0.030830 -0.020118 -0.009863 -0.000000 0.009863 0.020118 0.030830 0.041911 0.053193 0.064461 0.075474 0.085976 0.095711 0.104433 0.111914 0.117955 0.122392 0.125104 0.126017 0.125104 0.122392 0.117955 0.111914 0.104433 0.095711 0.085976 0.075474 0.064461 0.053193 0.041911 0.030830 0.020118 0.009863 0.000000 
0.000000 -0.019084 -0.038233 -0.057407 -0.076467 -0.095204 -0.113363 -0.130659 -0.146801 -0.161496 -0.174467 -0.185459 -0.194253 -0.200669 -0.204573 -0.205883 -0.204573 -0.200669 -0.194253 -0.185459 -0.174467 -0.161496 -0.146801 -0.130659 -0.113363 -0.095204 -0.076467 -0.057407 -0.038233 -0.019084 -0.000000 0.019084 0.038233 0.057407 0.076467 0.095204 0.113363 0.130659 0.146801 0.161496 0.174467 0.185459 0.194253 0.200669 0.204573 0.205883 0.204573 0.200669 0.194253 0.185459 0.174467 0.161496 0.146801 0.130659 0.113363 0.095204 0.076467 0.057407 0.038233 0.019084 0.000000 
0.000000 -0.028605 -0.057070 -0.085214 -0.112803 -0.139552 -0.165147 -0.189248 -0.211514 -0.231609 -0.249216 -0.264049 -0.275858 -0.284442 -0.289654 -0.291401 -0.289654 -0.284442 -0.275858 -0.264049 -0.249216 -0.231609 -0.211514 -0.189248 -0.165147 -0.139552 -0.112803 -0.085214 -0.057070 -0.028605 -0.000000 0.028605 0.057070 0.085214 0.112803 0.139552 0.165147 0.189248 0.211514 0.231609 0.249216 0.264049 0.275858 0.284442 0.289654 0.291401 0.289654 0.284442 0.275858 0.264049 0.249216 0.231609 0.211514 0.189248 0.165147 0.139552 0.112803 0.085214 0.057070 0.028605 0.000000 
0.000000 -0.038753 -0.077203 -0.115026 -0.151871 -0.187362 -0.221099 -0.252676 -0.281687 -0.307741 -0.330473 -0.349556 -0.364707 -0.375697 -0.382360 -0.384592 -0.382360 -0.375697 -0.364707 -0.349556 -0.330473 -0.307741 -0.281687 -0.252676 -0.221099 -0.187362 -0.151871 -0.115026 -0.077203 -0.038753 -0.000000 0.038753 0.077203 0.115026 0.151871 0.187362 0.221099 0.252676 0.281687 0.307741 0.330473 0.349556 0.364707 0.375697 0.382360 0.384592 0.382360 0.375697 0.364707 0.349556 0.330473 0.307741 0.281687 0.252676 0.221099 0.187362 0.151871 0.115026 0.077203 0.038753 0.000000 
0.000000 -0.049830 -0.099203 -0.147655 -0.194706 -0.239867 -0.282641 -0.322535 -0.359065 -0.391775 -0.420240 -0.444082 -0.462977 -0.476666 -0.484957 -0.487734 -0.484957 -0.476666 -0.462977 -0.444082 -0.420240 -0.391775 -0.359065 -0.322535 -0.282641 -0.239867 -0.194706 -0.147655 -0.099203 -0.049830 -0.000000 0.049830 0.099203 0.147655 0.194706 0.239867 0.282641 0.322535 0.359065 0.391775 0.420240 0.444082 0.462977 0.476666 0.484957 0.487734 0.484957 0.476666 0.462977 0.444082 0.420240 0.391775 0.359065 0.322535 0.282641 0.239867 0.194706 0.147655 0.099203 0.049830 0.000000 
0.000000 -0.062142 -0.123671 -0.183973 -0.242431 -0.298427 -0.351349 -0.400600 -0.445607 -0.485828 -0.520770 -0.549995 -0.573129 -0.589873 -0.600008 -0.603401 -0.600008 -0.589873 -0.573129 -0.549995 -0.520770 -0.485828 -0.445607 -0.400600 -0.351349 -0.298427 -0.242431 -0.183973 -0.123671 -0.062142 -0.000000 0.062142 0.123671 0.183973 0.242431 0.298427 0.351349 0.400600 0.445607 0.485828 0.520770 0.549995 0.573129 0.589873 0.600008 0.603401 0.600008 0.589873 0.573129 0.549995 0.520770 0.485828 0.445607 0.400600 0.351349 0.298427 0.242431 0.183973 0.123671 0.062142 0.000000 
0.000000 -0.076018 -0.151257 -0.224940 -0.296296 -0.364563 -0.428997 -0.488878 -0.543524 -0.592299 -0.634623 -0.669987 -0.697957 -0.718190 -0.730431 -0.734529 -0.730431 -0.718190 -0.697957 -0.669987 -0.634623 -0.592299 -0.543524 -0.488878 -0.428997 -0.364563 -0.296296 -0.224940 -0.151257 -0.076018 -0.000000 0.076018 0.151257 0.224940 0.296296 0.364563 0.428997 0.488878 0.543524 0.592299 0.634623 0.669987 0.697957 0.718190 0.730431 0.734529 0.730431 0.718190 0.697957 0.669987 0.634623 0.592299 0.543524 0.488878 0.428997 0.364563 0.296296 0.224940 0.151257 0.076018 0.000000 
0.000000 -0.091825 -0.182687 -0.271629 -0.357708 -0.439995 -0.517595 -0.589648 -0.655342 -0.713927 -0.764724 -0.807138 -0.840667 -0.864908 -0.879572 -0.884479 -0.879572 -0.864908 -0.840667 -0.807138 -0.764724 -0.713927 -0.655342 -0.589648 -0.517595 -0.439995 -0.357708 -0.271629 -0.182687 -0.091825 -0.000000 0.091825 0.182687 0.271629 0.357708 0.439995 0.517595 0.589648 0.655342 0.713927 0.764724 0.807138 0.840667 0.864908 0.879572 0.884479 0.879572 0.864908 0.840667 0.807138 0.764724 0.713927 0.655342 0.589648 0.517595 0.439995 0.357708 0.271629 0.182687 0.091825 0.000000 
0.000000 -0.109977 -0.218785 -0.325263 -0.428269 -0.526689 -0.619449 -0.705526 -0.783958 -0.853862 -0.914441 -0.964998 -1.004947 -1.033821 -1.051283 -1.057127 -1.051283 -1.033821 -1.004947 -0.964998 -0.914441 -0.853862 -0.783958 -0.705526 -0.619449 -0.526689 -0.428269 -0.325263 -0.218785 -0.109977 -0.000000 0.109977 0.218785 0.325263 0.428269 0.526689 0.619449 0.705526 0.783958 0.853862 0.914441 0.964998 1.004947 1.033821 1.051283 1.057127 1.051283 1.033821 1.004947 0.964998 0.914441 0.853862 0.783958 0.705526 0.619449 0.526689 0.428269 0.325263 0.218785 0.109977 0.000000 
0.000000 -0.130951 -0.260497 -0.387245 -0.509826 -0.626909 -0.737217 -0.839534 -0.932725 -1.015748 -1.087669 -1.147671 -1.195070 -1.229322 -1.250032 -1.256962 -1.250032 -1.229322 -1.195070 -1.147671 -1.087669 -1.015748 -0.932725 -0.839534 -0.737217 -0.626909 -0.509826 -0.387245 -0.260497 -0.130951 -0.000000 0.130951 0.260497 0.387245 0.509826 0.626909 0.737217 0.839534 0.932725 1.015748 1.087669 1.147671 1.195070 1.229322 1.250032 1.256962 1.250032 1.229322 1.195070 1.147671 1.087669 1.015748 0.932725 0.839534 0.737217 0.626909 0.509826 0.387245 0.260497 0.130951 0.000000 
0.000000 -0.155298 -0.308919 -0.459202 -0.604517 -0.743283 -0.873982 -0.995179 -1.105534 -1.203820 -1.288939 -1.359935 -1.416007 -1.456520 -1.481014 -1.489209 -1.481014 -1.456520 -1.416007 -1.359935 -1.288939 -1.203820 -1.105534 -0.995179 -0.873982 -0.743283 -0.604517 -0.459202 -0.308919 -0.155298 -0.000000 0.155298 0.308919 0.459202 0.604517 0.743283 0.873982 0.995179 1.105534 1.203820 1.288939 1.359935 1.416007 1.456520 1.481014 1.489209 1.481014 1.456520 1.416007 1.359935 1.288939 1.203820 1.105534 0.995179 0.873982 0.743283 0.604517 0.459202 0.308919 0.155298 0.000000 
0.000000 -0.183658 -0.365325 -0.543027 -0.714833 -0.878870 -1.033342 -1.176554 -1.306928 -1.423019 -1.523539 -1.607365 -1.673561 -1.721383 -1.750293 -1.759966 -1.750293 -1.721383 -1.673561 -1.607365 -1.523539 -1.423019 -1.306928 -1.176554 -1.033342 -0.878870 -0.714833 -0.543027 -0.365325 -0.183658 -0.000000 0.183658 0.365325 0.543027 0.714833 0.878870 1.033342 1.176554 1.306928 1.423019 1.523539 1.607365 1.673561 1.721383 1.750293 1.759966 1.750293 1.721383 1.673561 1.607365 1.523539 1.423019 1.306928 1.176554 1.033342 0.878870 0.714833 0.543027 0.365325 0.183658 0.000000 
0.000000 -0.216781 -0.431204 -0.640935 -0.843688 -1.037250 -1.219502 -1.388444 -1.542219 -1.679127 -1.797655 -1.896488 -1.974524 -2.030896 -2.064973 -2.076374 -2.064973 -2.030896 -1.974524 -1.896488 -1.797655 -1.679127 -1.542219 -1.388444 -1.219502 -1.037250 -0.843688 -0.640935 -0.431204 -0.216781 -0.000000 0.216781 0.431204 0.640935 0.843688 1.037250 1.219502 1.388444 1.542219 1.679127 1.797655 1.896488 1.974524 2.030896 2.064973 2.076374 2.064973 2.030896 1.974524 1.896488 1.797655 1.679127 1.542219 1.388444 1.219502 1.037250 0.843688 0.640935 0.431204 0.216781 0.000000 
0.000000 -0.255544 -0.508303 -0.755520 -0.994496 -1.222620 -1.437395 -1.636465 -1.817642 -1.978931 -2.118552 -2.234961 -2.326870 -2.393258 -2.433388 -2.446814 -2.433388 -2.393258 -2.326870 -2.234961 -2.118552 -1.978931 -1.817642 -1.636465 -1.437395 -1.222620 -0.994496 -0.755520 -0.508303 -0.255544 -0.000000 0.255544 0.508303 0.755520 0.994496 1.222620 1.437395 1.636465 1.817642 1.978931 2.118552 2.234961 2.326870 2.393258 2.433388 2.446814 2.433388 2.393258 2.326870 2.234961 2.118552 1.978931 1.817642 1.636465 1.437395 1.222620 0.994496 0.755520 0.508303 0.255544 0.000000 
0.000000 -0.300980 -0.598675 -0.889833 -1.171273 -1.439916 -1.692822 -1.927216 -2.140527 -2.330407 -2.494767 -2.631793 -2.739973 -2.818110 -2.865342 -2.881144 -2.865342 -2.818110 -2.739973 -2.631793 -2.494767 -2.330407 -2.140527 -1.927216 -1.692822 -1.439916 -1.171273 -0.889833 -0.598675 -0.300980 -0.000000 0.300980 0.598675 0.889833 1.171273 1.439916 1.692822 1.927216 2.140527 2.330407 2.494767 2.631793 2.739973 2.818110 2.865342 2.881144 2.865342 2.818110 2.739973 2.631793 2.494767 2.330407 2.140527 1.927216 1.692822 1.439916 1.171273 0.889833 0.598675 0.300980 0.000000 
0.000000 -0.354305 -0.704738 -1.047468 -1.378747 -1.694950 -1.992614 -2.268476 -2.519510 -2.742957 -2.936361 -3.097594 -3.224879 -3.316813 -3.372383 -3.390974 -3.372383 -3.316813 -3.224879 -3.097594 -2.936361 -2.742957 -2.519510 -2.268476 -1.992614 -1.694950 -1.378747 -1.047468 -0.704738 -0.354305 -0.000000 0.354305 0.704738 1.047468 1.378747 1.694950 1.992614 2.268476 2.519510 2.742957 2.936361 3.097594 3.224879 3.316813 3.372383 3.390974 3.372383 3.316813 3.224879 3.097594 2.936361 2.742957 2.519510 2.268476 1.992614 1.694950 1.378747 1.047468 0.704738 0.354305 0.000000 
0.000000 -0.416953 -0.829345 -1.232665 -1.622500 -1.994582 -2.344836 -2.669423 -2.964782 -3.227673 -3.455209 -3.644888 -3.794625 -3.902774 -3.968143 -3.990013 -3.968143 -3.902774 -3.794625 -3.644888 -3.455209 -3.227673 -2.964782 -2.669423 -2.344836 -1.994582 -1.622500 -1.232665 -0.829345 -0.416953 -0.000000 0.416953 0.829345 1.232665 1.622500 1.994582 2.344836 2.669423 2.964782 3.227673 3.455209 3.644888 3.794625 3.902774 3.968143 3.990013 3.968143 3.902774 3.794625 3.644888 3.455209 3.227673 2.964782 2.669423 2.344836 1.994582 1.622500 1.232665 0.829345 0.416953 0.000000 
0.000000 -0.490620 -0.975871 -1.450440 -1.909132 -2.346925 -2.759022 -3.140907 -3.488395 -3.797673 -4.065348 -4.288483 -4.464626 -4.591844 -4.668738 -4.694463 -4.668738 -4.591844 -4.464626 -4.288483 -4.065348 -3.797673 -3.488395 -3.140907 -2.759022 -2.346925 -1.909132 -1.450440 -0.975871 -0.490620 -0.000000 0.490620 0.975871 1.450440 1.909132 2.346925 2.759022 3.140907 3.488395 3.797673 4.065348 4.288483 4.464626 4.591844 4.668738 4.694463 4.668738 4.591844 4.464626 4.288483 4.065348 3.797673 3.488395 3.140907 2.759022 2.346925 1.909132 1.450440 0.975871 0.490620 0.000000 
0.000000 -0.577318 -1.148314 -1.706734 -2.246464 -2.761590 -3.246470 -3.695790 -4.104627 -4.468498 -4.783415 -5.045923 -5.253144 -5.402804 -5.493263 -5.523526 -5.493263 -5.402804 -5.253144 -5.045923 -4.783415 -4.468498 -4.104627 -3.695790 -3.246470 -2.761590 -2.246464 -1.706734 -1.148314 -0.577318 -0.000000 0.577318 1.148314 1.706734 2.246464 2.761590 3.246470 3.695790 4.104627 4.468498 4.783415 5.045923 5.253144 5.402804 5.493263 5.523526 5.493263 5.402804 5.253144 5.045923 4.783415 4.468498 4.104627 3.695790 3.246470 2.761590 2.246464 1.706734 1.148314 0.577318 0.000000 
-0.000000 -0.679435 -1.351426 -2.008610 -2.643788 -3.250000 -3.820604 -4.349349 -4.830441 -5.258610 -5.629165 -5.938045 -6.181867 -6.357959 -6.464392 -6.500000 -6.464392 -6.357959 -6.181867 -5.938045 -5.629165 -5.258610 -4.830441 -4.349349 -3.820604 -3.250000 -2.643788 -2.008610 -1.351426 -0.679435 -0.000000 0.679435 1.351426 2.008610 2.643788 3.250000 3.820604 4.349349 4.830441 5.258610 5.629165 5.938045 6.181867 6.357959 6.464392 6.500000 6.464392 6.357959 6.181867 5.938045 5.629165 5.258610 4.830441 4.349349 3.820604 3.250000 2.643788 2.008610 1.351426 0.679435 0.000000 
