0.000000 0.610049 0.654166 0.695540 0.731792 0.762382 0.784917 0.791879 0.927939 1.133155 1.213686 1.216448 1.206011 1.188914 1.167528 1.142942 1.115647 1.085741 1.053058 1.012775 0.971439 0.936369 0.901882 0.866952 0.831241 0.794345 0.755699 0.714455 0.669760 0.623395 0.000000 0.623395 0.669760 0.714455 0.755699 0.794345 0.831241 0.866952 0.901882 0.936369 0.971439 1.012775 1.053058 1.085741 1.115647 1.142942 1.167528 1.188914 1.206011 1.216448 1.213686 1.133155 0.927939 0.791879 0.784917 0.762382 0.731792 0.695540 0.654166 0.610049 0.000000 
0.615385 0.626480 0.657899 0.693973 0.727314 0.756125 0.779053 0.793565 0.896874 1.088350 1.182948 1.184188 1.173271 1.156164 1.135196 1.111444 1.085431 1.057467 1.025783 0.987006 0.949114 0.916849 0.884869 0.852515 0.819451 0.785288 0.749506 0.711605 0.672495 0.639407 0.627971 0.639407 0.672495 0.711605 0.749506 0.785288 0.819451 0.852515 0.884869 0.916849 0.949114 0.987006 1.025783 1.057467 1.085431 1.111444 1.135196 1.156164 1.173271 1.184188 1.182948 1.088350 0.896874 0.793565 0.779053 0.756125 0.727314 0.693973 0.657899 0.626480 0.615385 
0.682973 0.684719 0.693160 0.710026 0.732474 0.756763 0.780527 0.803853 0.844358 1.002120 1.139791 1.153399 1.144494 1.128029 1.107470 1.084169 1.058781 1.032058 0.998910 0.961379 0.928414 0.898308 0.868529 0.838707 0.808807 0.779117 0.750598 0.725455 0.707193 0.698311 0.696527 0.698311 0.707193 0.725455 0.750598 0.779117 0.808807 0.838707 0.868529 0.898308 0.928414 0.961379 0.998910 1.032058 1.058781 1.084169 1.107470 1.128029 1.144494 1.153399 1.139791 1.002120 0.844358 0.803853 0.780527 0.756763 0.732474 0.710026 0.693160 0.684719 0.682973 
0.726301 0.726877 0.729551 0.736286 0.748187 0.764687 0.784373 0.806374 0.832892 0.918365 1.053979 1.117352 1.116694 1.102236 1.082524 1.059798 1.035194 1.006372 0.972427 0.939238 0.909598 0.881717 0.854594 0.828330 0.803489 0.781129 0.762749 0.749790 0.742611 0.739813 0.739217 0.739813 0.742611 0.749790 0.762749 0.781129 0.803489 0.828330 0.854594 0.881717 0.909598 0.939238 0.972427 1.006372 1.035194 1.059798 1.082524 1.102236 1.116694 1.117352 1.053979 0.918365 0.832892 0.806374 0.784373 0.764687 0.748187 0.736286 0.729551 0.726877 0.726301 
0.758004 0.758239 0.759297 0.762171 0.768127 0.778066 0.792204 0.810453 0.833576 0.872752 0.964540 1.057330 1.085135 1.077057 1.059347 1.037620 1.011816 0.981278 0.949556 0.920257 0.893463 0.868365 0.844842 0.823403 0.804861 0.790105 0.779718 0.773546 0.770599 0.769523 0.769284 0.769523 0.770599 0.773546 0.779718 0.790105 0.804861 0.823403 0.844842 0.868365 0.893463 0.920257 0.949556 0.981278 1.011816 1.037620 1.059347 1.077057 1.085135 1.057330 0.964540 0.872752 0.833576 0.810453 0.792204 0.778066 0.768127 0.762171 0.759297 0.758239 0.758004 
0.782298 0.782402 0.782879 0.784242 0.787325 0.793112 0.802468 0.816048 0.834658 0.861701 0.908235 0.983939 1.040769 1.049549 1.036814 1.015873 0.988719 0.958933 0.930584 0.904522 0.880727 0.859074 0.839861 0.823641 0.810924 0.801911 0.796306 0.793337 0.792040 0.791594 0.791499 0.791594 0.792040 0.793337 0.796306 0.801911 0.810924 0.823641 0.839861 0.859074 0.880727 0.904522 0.930584 0.958933 0.988719 1.015873 1.036814 1.049549 1.040769 0.983939 0.908235 0.861701 0.834658 0.816048 0.802468 0.793112 0.787325 0.784242 0.782879 0.782402 0.782298 
0.801176 0.801220 0.801447 0.802143 0.803824 0.807224 0.813214 0.822689 0.836591 0.856563 0.886677 0.932824 0.986526 1.015457 1.012921 0.993736 0.967178 0.940266 0.915044 0.892096 0.871590 0.853727 0.838850 0.827244 0.818933 0.813581 0.810548 0.809074 0.808485 0.808307 0.808275 0.808307 0.808485 0.809074 0.810548 0.813581 0.818933 0.827244 0.838850 0.853727 0.871590 0.892096 0.915044 0.940266 0.967178 0.993736 1.012921 1.015457 0.986526 0.932824 0.886677 0.856563 0.836591 0.822689 0.813214 0.807224 0.803824 0.802143 0.801447 0.801220 0.801176 
0.815823 0.815840 0.815943 0.816309 0.817261 0.819301 0.823115 0.829530 0.839475 0.854112 0.875358 0.906091 0.945191 0.977336 0.985469 0.971545 0.948379 0.924641 0.902540 0.882766 0.865656 0.851473 0.840383 0.832335 0.826996 0.823809 0.822132 0.821381 0.821119 0.821062 0.821059 0.821062 0.821119 0.821381 0.822132 0.823809 0.826996 0.832335 0.840383 0.851473 0.865656 0.882766 0.902540 0.924641 0.948379 0.971545 0.985469 0.977336 0.945191 0.906091 0.875358 0.854112 0.839475 0.829530 0.823115 0.819301 0.817261 0.816309 0.815943 0.815840 0.815823 
0.827098 0.827100 0.827140 0.827330 0.827879 0.829126 0.831569 0.835869 0.842834 0.853407 0.868772 0.890393 0.918290 0.945325 0.957614 0.950111 0.931737 0.911546 0.892649 0.876047 0.862180 0.851230 0.843147 0.837631 0.834191 0.832258 0.831305 0.830919 0.830813 0.830811 0.830820 0.830811 0.830813 0.830919 0.831305 0.832258 0.834191 0.837631 0.843147 0.851230 0.862180 0.876047 0.892649 0.911546 0.931737 0.950111 0.957614 0.945325 0.918290 0.890393 0.868772 0.853407 0.842834 0.835869 0.831569 0.829126 0.827879 0.827330 0.827140 0.827100 0.827098 
0.835689 0.835684 0.835691 0.835784 0.836101 0.836873 0.838452 0.841336 0.846172 0.853732 0.864886 0.880493 0.900579 0.921366 0.933491 0.930565 0.917059 0.900603 0.884916 0.871340 0.860366 0.852071 0.846239 0.842455 0.840208 0.839007 0.838453 0.838255 0.838224 0.838245 0.838258 0.838245 0.838224 0.838255 0.838453 0.839007 0.840208 0.842455 0.846239 0.852071 0.860366 0.871340 0.884916 0.900603 0.917059 0.930565 0.933491 0.921366 0.900579 0.880493 0.864886 0.853732 0.846172 0.841336 0.838452 0.836873 0.836101 0.835784 0.835691 0.835684 0.835689 
0.842171 0.842163 0.842154 0.842193 0.842375 0.842856 0.843884 0.845826 0.849176 0.854551 0.862629 0.873993 0.888590 0.904086 0.914360 0.913927 0.904456 0.891554 0.878915 0.868080 0.859559 0.853350 0.849156 0.846541 0.845048 0.844285 0.843957 0.843859 0.843863 0.843892 0.843905 0.843892 0.843863 0.843859 0.843957 0.844285 0.845048 0.846541 0.849156 0.853350 0.859559 0.868080 0.878915 0.891554 0.904456 0.913927 0.914360 0.904086 0.888590 0.873993 0.862629 0.854551 0.849176 0.845826 0.843884 0.842856 0.842375 0.842193 0.842154 0.842163 0.842171 
0.847025 0.847016 0.847000 0.847009 0.847108 0.847407 0.848081 0.849393 0.851715 0.855525 0.861355 0.869635 0.880288 0.891716 0.899846 0.900513 0.894019 0.884199 0.874283 0.865818 0.859302 0.854692 0.851675 0.849853 0.848847 0.848354 0.848157 0.848114 0.848133 0.848163 0.848176 0.848163 0.848133 0.848114 0.848157 0.848354 0.848847 0.849853 0.851675 0.854692 0.859302 0.865818 0.874283 0.884199 0.894019 0.900513 0.899846 0.891716 0.880288 0.869635 0.861355 0.855525 0.851715 0.849393 0.848081 0.847407 0.847108 0.847009 0.847000 0.847016 0.847025 
0.850641 0.850632 0.850612 0.850605 0.850654 0.850837 0.851278 0.852165 0.853774 0.856469 0.860661 0.866681 0.874455 0.882844 0.889064 0.890084 0.885661 0.878339 0.870726 0.864231 0.859312 0.855910 0.853740 0.852464 0.851780 0.851459 0.851344 0.851331 0.851357 0.851386 0.851397 0.851386 0.851357 0.851331 0.851344 0.851459 0.851780 0.852464 0.853740 0.855910 0.859312 0.864231 0.870726 0.878339 0.885661 0.890084 0.889064 0.882844 0.874455 0.866681 0.860661 0.856469 0.853774 0.852165 0.851278 0.850837 0.850654 0.850605 0.850612 0.850632 0.850641 
0.853331 0.853322 0.853301 0.853284 0.853302 0.853409 0.853692 0.854289 0.855401 0.857300 0.860302 0.864661 0.870322 0.876460 0.881130 0.882158 0.879140 0.873754 0.868011 0.863104 0.859431 0.856937 0.855381 0.854487 0.854023 0.853817 0.853754 0.853760 0.853789 0.853815 0.853825 0.853815 0.853789 0.853760 0.853754 0.853817 0.854023 0.854487 0.855381 0.856937 0.859431 0.863104 0.868011 0.873754 0.879140 0.882158 0.881130 0.876460 0.870322 0.864661 0.860302 0.857300 0.855401 0.854289 0.853692 0.853409 0.853302 0.853284 0.853301 0.853322 0.853331 
0.855338 0.855330 0.855308 0.855285 0.855282 0.855337 0.855512 0.855906 0.856666 0.857995 0.860132 0.863271 0.867376 0.871849 0.875315 0.876213 0.874144 0.870221 0.865950 0.862292 0.859580 0.857769 0.856661 0.856041 0.855733 0.855607 0.855580 0.855598 0.855628 0.855653 0.855662 0.855653 0.855628 0.855598 0.855580 0.855607 0.855733 0.856041 0.856661 0.857769 0.859580 0.862292 0.865950 0.870221 0.874144 0.876213 0.875315 0.871849 0.867376 0.863271 0.860132 0.857995 0.856666 0.855906 0.855512 0.855337 0.855282 0.855285 0.855308 0.855330 0.855338 
0.856848 0.856840 0.856818 0.856791 0.856773 0.856791 0.856890 0.857140 0.857648 0.858564 0.860068 0.862310 0.865266 0.868508 0.871054 0.871786 0.870362 0.867528 0.864392 0.861703 0.859728 0.858431 0.857656 0.857237 0.857041 0.856973 0.856972 0.856999 0.857031 0.857054 0.857063 0.857054 0.857031 0.856999 0.856972 0.856973 0.857041 0.857237 0.857656 0.858431 0.859728 0.861703 0.864392 0.867528 0.870362 0.871786 0.871054 0.868508 0.865266 0.862310 0.860068 0.858564 0.857648 0.857140 0.856890 0.856791 0.856773 0.856791 0.856818 0.856840 0.856848 
0.858000 0.857993 0.857971 0.857941 0.857913 0.857905 0.857949 0.858094 0.858418 0.859031 0.860068 0.861643 0.863747 0.866072 0.867922 0.868493 0.867513 0.865486 0.863217 0.861276 0.859867 0.858960 0.858436 0.858168 0.858056 0.858031 0.858049 0.858082 0.858114 0.858137 0.858145 0.858137 0.858114 0.858082 0.858049 0.858031 0.858056 0.858168 0.858436 0.858960 0.859867 0.861276 0.863217 0.865486 0.867513 0.868493 0.867922 0.866072 0.863747 0.861643 0.860068 0.859031 0.858418 0.858094 0.857949 0.857905 0.857913 0.857941 0.857971 0.857993 0.858000 
0.858897 0.858890 0.858869 0.858838 0.858804 0.858778 0.858783 0.858852 0.859040 0.859427 0.860112 0.861185 0.862646 0.864282 0.865600 0.866029 0.865361 0.863937 0.862335 0.860973 0.860003 0.859398 0.859065 0.858911 0.858861 0.858868 0.858898 0.858935 0.858967 0.858988 0.858995 0.858988 0.858967 0.858935 0.858898 0.858868 0.858861 0.858911 0.859065 0.859398 0.860003 0.860973 0.862335 0.863937 0.865361 0.866029 0.865600 0.864282 0.862646 0.861185 0.860112 0.859427 0.859040 0.858852 0.858783 0.858778 0.858804 0.858838 0.858869 0.858890 0.858897 
0.859609 0.859603 0.859584 0.859555 0.859519 0.859485 0.859464 0.859480 0.859568 0.859785 0.860200 0.860884 0.861846 0.862945 0.863846 0.864153 0.863712 0.862753 0.861676 0.860775 0.860153 0.859784 0.859599 0.859529 0.859523 0.859549 0.859586 0.859622 0.859651 0.859670 0.859676 0.859670 0.859651 0.859622 0.859586 0.859549 0.859523 0.859529 0.859599 0.859784 0.860153 0.860775 0.861676 0.862753 0.863712 0.864153 0.863846 0.862945 0.861846 0.860884 0.860200 0.859785 0.859568 0.859480 0.859464 0.859485 0.859519 0.859555 0.859584 0.859603 0.859609 
0.860183 0.860178 0.860163 0.860138 0.860107 0.860073 0.860042 0.860027 0.860049 0.860141 0.860349 0.860720 0.861270 0.861923 0.862472 0.862668 0.862408 0.861833 0.861196 0.860681 0.860342 0.860158 0.860081 0.860067 0.860086 0.860118 0.860153 0.860184 0.860208 0.860222 0.860227 0.860222 0.860208 0.860184 0.860153 0.860118 0.860086 0.860067 0.860081 0.860158 0.860342 0.860681 0.861196 0.861833 0.862408 0.862668 0.862472 0.861923 0.861270 0.860720 0.860349 0.860141 0.860049 0.860027 0.860042 0.860073 0.860107 0.860138 0.860163 0.860178 0.860183 
0.860625 0.860622 0.860610 0.860592 0.860569 0.860541 0.860513 0.860491 0.860484 0.860506 0.860574 0.860705 0.860900 0.861131 0.861325 0.861399 0.861316 0.861120 0.860897 0.860712 0.860592 0.860531 0.860513 0.860521 0.860544 0.860571 0.860598 0.860621 0.860639 0.860650 0.860653 0.860650 0.860639 0.860621 0.860598 0.860571 0.860544 0.860521 0.860513 0.860531 0.860592 0.860712 0.860897 0.861120 0.861316 0.861399 0.861325 0.861131 0.860900 0.860705 0.860574 0.860506 0.860484 0.860491 0.860513 0.860541 0.860569 0.860592 0.860610 0.860622 0.860625 
