0.934850 0.933268 0.928056 0.918784 0.905191 0.887163 0.864758 0.838316 0.808770 0.765599 0.712292 0.655188 0.595751 0.535070 0.474088 0.413672 0.354619 0.297669 0.243513 0.192785 0.146485 0.104411 0.066762 0.033736 0.005466 -0.017993 -0.036662 -0.050648 -0.060149 -0.065476 -0.067092 -0.065476 -0.060149 -0.050648 -0.036662 -0.017993 0.005466 0.033736 0.066762 0.104411 0.146485 0.192785 0.243513 0.297669 0.354619 0.413672 0.474088 0.535070 0.595751 0.655188 0.712292 0.765599 0.808770 0.838316 0.864758 0.887163 0.905191 0.918784 0.928056 0.933268 0.934850 
0.939564 0.937711 0.931978 0.922082 0.907823 0.889120 0.866026 0.838784 0.807896 0.765962 0.712452 0.655294 0.595883 0.535277 0.474399 0.414083 0.355103 0.298173 0.243938 0.193179 0.146700 0.104323 0.066281 0.032781 0.003966 -0.020095 -0.039405 -0.054042 -0.064163 -0.070011 -0.071898 -0.070011 -0.064163 -0.054042 -0.039405 -0.020095 0.003966 0.032781 0.066281 0.104323 0.146700 0.193179 0.243938 0.298173 0.355103 0.414083 0.474399 0.535277 0.595883 0.655294 0.712452 0.765962 0.807896 0.838784 0.866026 0.889120 0.907823 0.922082 0.931978 0.937711 0.939564 
0.954648 0.952550 0.946201 0.935468 0.920202 0.900316 0.875820 0.846809 0.813367 0.774122 0.720371 0.661956 0.601141 0.539105 0.476800 0.415075 0.354705 0.296405 0.240778 0.188960 0.141152 0.097445 0.058101 0.023339 -0.006682 -0.031875 -0.052225 -0.067792 -0.078712 -0.085163 -0.087295 -0.085163 -0.078712 -0.067792 -0.052225 -0.031875 -0.006682 0.023339 0.058101 0.097445 0.141152 0.188960 0.240778 0.296405 0.354705 0.415075 0.476800 0.539105 0.601141 0.661956 0.720371 0.774122 0.813367 0.846809 0.875820 0.900316 0.920202 0.935468 0.946201 0.952550 0.954648 
0.981014 0.978651 0.971551 0.959672 0.942951 0.921336 0.894821 0.863456 0.827327 0.786325 0.735057 0.674669 0.611149 0.546255 0.481060 0.416460 0.353263 0.292176 0.234191 0.179963 0.129694 0.083624 0.042042 0.005189 -0.026765 -0.053716 -0.075642 -0.092578 -0.104599 -0.111781 -0.114171 -0.111781 -0.104599 -0.092578 -0.075642 -0.053716 -0.026765 0.005189 0.042042 0.083624 0.129694 0.179963 0.234191 0.292176 0.353263 0.416460 0.481060 0.546255 0.611149 0.674669 0.735057 0.786325 0.827327 0.863456 0.894821 0.921336 0.942951 0.959672 0.971551 0.978651 0.981014 
1.019775 1.017103 1.009096 0.995762 0.977112 0.953161 0.923933 0.889483 0.849880 0.805122 0.754003 0.692829 0.625704 0.556598 0.487056 0.418100 0.350609 0.285584 0.223872 0.165901 0.111985 0.062451 0.017616 -0.022261 -0.056991 -0.086457 -0.110595 -0.129386 -0.142820 -0.150888 -0.153579 -0.150888 -0.142820 -0.129386 -0.110595 -0.086457 -0.056991 -0.022261 0.017616 0.062451 0.111985 0.165901 0.223872 0.285584 0.350609 0.418100 0.487056 0.556598 0.625704 0.692829 0.754003 0.805122 0.849880 0.889483 0.923933 0.953161 0.977112 0.995762 1.009096 1.017103 1.019775 
1.072308 1.069268 1.060168 1.045051 1.023983 0.997048 0.964338 0.925956 0.882008 0.832562 0.777322 0.715067 0.644461 0.570040 0.494709 0.419870 0.346724 0.276381 0.209425 0.146317 0.087459 0.033239 -0.015995 -0.059959 -0.098432 -0.131251 -0.158289 -0.179444 -0.194628 -0.203770 -0.206823 -0.203770 -0.194628 -0.179444 -0.158289 -0.131251 -0.098432 -0.059959 -0.015995 0.033239 0.087459 0.146317 0.209425 0.276381 0.346724 0.419870 0.494709 0.570040 0.644461 0.715067 0.777322 0.832562 0.882008 0.925956 0.964338 0.997048 1.023983 1.045051 1.060168 1.069268 1.072308 
1.140293 1.136814 1.126401 1.109126 1.085105 1.054484 1.017436 0.974140 0.924784 0.869526 0.808395 0.741039 0.666717 0.586403 0.503952 0.421710 0.341477 0.264146 0.190332 0.120562 0.055313 -0.004972 -0.059905 -0.109154 -0.152440 -0.189524 -0.220195 -0.244268 -0.261586 -0.272027 -0.275515 -0.272027 -0.261586 -0.244268 -0.220195 -0.189524 -0.152440 -0.109154 -0.059905 -0.004972 0.055313 0.120562 0.190332 0.264146 0.341477 0.421710 0.503952 0.586403 0.666717 0.741039 0.808395 0.869526 0.924784 0.974140 1.017436 1.054484 1.085105 1.109126 1.126401 1.136814 1.140293 
1.225752 1.221747 1.209762 1.189899 1.162315 1.127222 1.084872 1.035542 0.979519 0.917079 0.848439 0.773654 0.692541 0.605418 0.514689 0.423624 0.334511 0.248376 0.165933 0.087792 0.014510 -0.053407 -0.115502 -0.171372 -0.220647 -0.262995 -0.298109 -0.325722 -0.345613 -0.357616 -0.361627 -0.357616 -0.345613 -0.325722 -0.298109 -0.262995 -0.220647 -0.171372 -0.115502 -0.053407 0.014510 0.087792 0.165933 0.248376 0.334511 0.423624 0.514689 0.605418 0.692541 0.773654 0.848439 0.917079 0.979519 1.035542 1.084872 1.127222 1.162315 1.189899 1.209762 1.221747 1.225752 
1.331104 1.326471 1.312614 1.289659 1.257809 1.217344 1.168598 1.111953 1.047812 0.976585 0.898655 0.814332 0.723815 0.627487 0.526971 0.425382 0.325429 0.228480 0.135416 0.046964 -0.036220 -0.113542 -0.184448 -0.248430 -0.305007 -0.353734 -0.394206 -0.426072 -0.449044 -0.462913 -0.467550 -0.462913 -0.449044 -0.426072 -0.394206 -0.353734 -0.305007 -0.248430 -0.184448 -0.113542 -0.036220 0.046964 0.135416 0.228480 0.325429 0.425382 0.526971 0.627487 0.723815 0.814332 0.898655 0.976585 1.047812 1.111953 1.168598 1.217344 1.257809 1.289659 1.312614 1.326471 1.331104 
1.459240 1.453861 1.437778 1.411145 1.374216 1.327338 1.270938 1.205508 1.131584 1.049722 0.960479 0.864378 0.761906 0.653674 0.541071 0.426831 0.313816 0.203774 0.097820 -0.003162 -0.098384 -0.187128 -0.268713 -0.342493 -0.407856 -0.464233 -0.511110 -0.548048 -0.574692 -0.590784 -0.596166 -0.590784 -0.574692 -0.548048 -0.511110 -0.464233 -0.407856 -0.342493 -0.268713 -0.187128 -0.098384 -0.003162 0.097820 0.203774 0.313816 0.426831 0.541071 0.653674 0.761906 0.864378 0.960479 1.049722 1.131584 1.205508 1.270938 1.327338 1.374216 1.411145 1.437778 1.453861 1.459240 
1.613610 1.607348 1.588626 1.557632 1.514674 1.460176 1.394666 1.318756 1.233129 1.138507 1.035631 0.925243 0.808084 0.685023 0.557481 0.427938 0.299248 0.173478 0.052017 -0.064047 -0.173759 -0.276234 -0.370628 -0.456133 -0.531985 -0.597473 -0.651968 -0.694932 -0.725933 -0.744662 -0.750925 -0.744662 -0.725933 -0.694932 -0.651968 -0.597473 -0.531985 -0.456133 -0.370628 -0.276234 -0.173759 -0.064047 0.052017 0.173478 0.299248 0.427938 0.557481 0.685023 0.808084 0.925243 1.035631 1.138507 1.233129 1.318756 1.394666 1.460176 1.514674 1.557632 1.588626 1.607348 1.613610 
1.798330 1.791024 1.769181 1.733026 1.682931 1.619407 1.543092 1.454736 1.355183 1.245342 1.126163 0.998617 0.863710 0.722575 0.576789 0.428746 0.281276 0.136699 -0.003306 -0.137406 -0.264434 -0.383299 -0.492959 -0.592414 -0.680722 -0.757019 -0.820540 -0.870639 -0.906799 -0.928646 -0.935954 -0.928646 -0.906799 -0.870639 -0.820540 -0.757019 -0.680722 -0.592414 -0.492959 -0.383299 -0.264434 -0.137406 -0.003306 0.136699 0.281276 0.428746 0.576789 0.722575 0.863710 0.998617 1.126163 1.245342 1.355183 1.454736 1.543092 1.619407 1.682931 1.733026 1.769181 1.791024 1.798330 
2.018301 2.009761 1.984233 1.941983 1.883455 1.809259 1.720161 1.617068 1.501006 1.373092 1.234512 1.086496 0.930331 0.767441 0.599622 0.429323 0.259404 0.092408 -0.069681 -0.225252 -0.372875 -0.511214 -0.638987 -0.754974 -0.858030 -0.947115 -1.021308 -1.079839 -1.122093 -1.147625 -1.156166 -1.147625 -1.122093 -1.079839 -1.021308 -0.947115 -0.858030 -0.754974 -0.638987 -0.511214 -0.372875 -0.225252 -0.069681 0.092408 0.259404 0.429323 0.599622 0.767441 0.930331 1.086496 1.234512 1.373092 1.501006 1.617068 1.720161 1.809259 1.883455 1.941983 1.984233 2.009761 2.018301 
2.279348 2.269353 2.239476 2.190035 2.121554 2.034761 1.930568 1.810058 1.674469 1.525156 1.363572 1.191239 1.009758 0.820876 0.626664 0.429731 0.233051 0.039403 -0.148911 -0.329956 -0.501995 -0.663398 -0.812605 -0.948137 -1.068620 -1.172803 -1.259595 -1.328078 -1.377524 -1.407404 -1.417399 -1.407404 -1.377524 -1.328078 -1.259595 -1.172803 -1.068620 -0.948137 -0.812605 -0.663398 -0.501995 -0.329956 -0.148911 0.039403 0.233051 0.429731 0.626664 0.820876 1.009758 1.191239 1.363572 1.525156 1.674469 1.810058 1.930568 2.034761 2.121554 2.190035 2.239476 2.269353 2.279348 
2.588386 2.576676 2.541672 2.483752 2.403537 2.301886 2.179884 2.038821 1.880173 1.705570 1.516773 1.315637 1.104120 0.884332 0.658680 0.430020 0.201530 -0.023733 -0.243117 -0.454317 -0.655236 -0.843898 -1.018423 -1.177031 -1.318075 -1.440072 -1.541723 -1.621941 -1.679864 -1.714870 -1.726581 -1.714870 -1.679864 -1.621941 -1.541723 -1.440072 -1.318075 -1.177031 -1.018423 -0.843898 -0.655236 -0.454317 -0.243117 -0.023733 0.201530 0.430020 0.658680 0.884332 1.104120 1.315637 1.516773 1.705570 1.880173 2.038821 2.179884 2.301886 2.403537 2.483752 2.541672 2.576676 2.588386 
2.953607 2.939877 2.898833 2.830922 2.736877 2.617714 2.474717 2.309416 2.123567 1.919117 1.698179 1.462996 1.215930 0.959513 0.696549 0.430227 0.164020 -0.098675 -0.354806 -0.601642 -0.836669 -1.057510 -1.261904 -1.447726 -1.613016 -1.756010 -1.875174 -1.969223 -2.037137 -2.078183 -2.091914 -2.078183 -2.037137 -1.969223 -1.875174 -1.756010 -1.613016 -1.447726 -1.261904 -1.057510 -0.836669 -0.601642 -0.354806 -0.098675 0.164020 0.430227 0.696549 0.959513 1.215930 1.462996 1.698179 1.919117 2.123567 2.309416 2.474717 2.617714 2.736877 2.830922 2.898833 2.939877 2.953607 
3.384707 3.368595 3.320437 3.240756 3.130418 2.990624 2.822887 2.629019 2.411102 2.171455 1.912597 1.637217 1.348152 1.048418 0.741289 0.430376 0.119542 -0.187402 -0.486935 -0.775838 -1.051107 -1.309897 -1.549507 -1.767407 -1.961269 -2.129007 -2.268804 -2.379145 -2.458829 -2.506990 -2.523102 -2.506990 -2.458829 -2.379145 -2.268804 -2.129007 -1.961269 -1.767407 -1.549507 -1.309897 -1.051107 -0.775838 -0.486935 -0.187402 0.119542 0.430376 0.741289 1.048418 1.348152 1.637217 1.912597 2.171455 2.411102 2.629019 2.822887 2.990624 3.130418 3.240756 3.320437 3.368595 3.384707 
3.893135 3.874220 3.817682 3.724140 3.594613 3.430515 3.233634 3.006110 2.750404 2.469269 2.165701 1.842909 1.504281 1.153399 0.794090 0.430486 0.066934 -0.292248 -0.642993 -0.981511 -1.304228 -1.607752 -1.888866 -2.144563 -2.372085 -2.568968 -2.733070 -2.862600 -2.956145 -3.012685 -3.031600 -3.012685 -2.956145 -2.862600 -2.733070 -2.568968 -2.372085 -2.144563 -1.888866 -1.607752 -1.304228 -0.981511 -0.642993 -0.292248 0.066934 0.430486 0.794090 1.153399 1.504281 1.842909 2.165701 2.469269 2.750404 3.006110 3.233634 3.430515 3.594613 3.724140 3.817682 3.874220 3.893135 
4.492399 4.470183 4.403780 4.293916 4.141793 3.949075 3.717869 3.450699 3.150474 2.820451 2.464188 2.085503 1.688431 1.277217 0.856346 0.430569 0.004827 -0.415963 -0.827090 -1.224093 -1.602733 -1.958972 -2.288984 -2.589206 -2.856378 -3.087587 -3.280307 -3.432434 -3.542300 -3.608704 -3.630920 -3.608704 -3.542300 -3.432434 -3.280307 -3.087587 -2.856378 -2.589206 -2.288984 -1.958972 -1.602733 -1.224093 -0.827090 -0.415963 0.004827 0.430569 0.856346 1.277217 1.688431 2.085503 2.464188 2.820451 3.150474 3.450699 3.717869 3.949075 4.141793 4.293916 4.403780 4.470183 4.492399 
5.198394 5.172295 5.094278 4.965201 4.786478 4.560065 4.288443 3.974584 3.621920 3.234300 2.815943 2.371384 1.905426 1.423102 0.929678 0.430637 -0.068386 -0.561768 -1.044047 -1.509973 -1.954512 -2.372859 -2.760476 -3.113140 -3.427001 -3.698625 -3.925041 -4.103766 -4.232844 -4.310861 -4.336961 -4.310861 -4.232844 -4.103766 -3.925041 -3.698625 -3.427001 -3.113140 -2.760476 -2.372859 -1.954512 -1.509973 -1.044047 -0.561768 -0.068386 0.430637 0.929678 1.423102 1.905426 2.371384 2.815943 3.234300 3.621920 3.974584 4.288443 4.560065 4.786478 4.965201 5.094278 5.172295 5.198394 
6.029791 5.999119 5.907437 5.755752 5.545724 5.279655 4.960460 4.591635 4.177223 3.721763 3.230245 2.708055 2.160914 1.594816 1.015964 0.430699 -0.154565 -0.733417 -1.299515 -1.846656 -2.368847 -2.860364 -3.315825 -3.730237 -4.099061 -4.418256 -4.684325 -4.894353 -5.046039 -5.137720 -5.168393 -5.137720 -5.046039 -4.894353 -4.684325 -4.418256 -4.099061 -3.730237 -3.315825 -2.860364 -2.368847 -1.846656 -1.299515 -0.733417 -0.154565 0.430699 1.015964 1.594816 2.160914 2.708055 3.230245 3.721763 4.177223 4.591635 4.960460 5.279655 5.545724 5.755752 5.907437 5.999119 6.029791 
