0.000000 0.801267 0.854678 0.899189 0.934061 0.959173 0.971808 0.963256 1.107207 1.324121 1.386696 1.356891 1.311482 1.258726 1.201943 1.142942 1.082750 1.021948 0.960887 0.895742 0.832853 0.778488 0.727621 0.679363 0.633392 0.589251 0.546251 0.503118 0.457729 0.403996 0.000000 0.818796 0.875052 0.923642 0.964576 0.999387 1.029162 1.054576 1.076116 1.094171 1.109917 1.129703 1.145153 1.149496 1.148532 1.142942 1.133101 1.119059 1.100452 1.075879 1.040541 0.942094 0.748644 0.620534 0.598094 0.565541 0.528971 0.489798 0.447072 0.395347 0.000000 
0.615385 0.625042 0.653627 0.687562 0.719745 0.748082 0.770921 0.785324 0.885526 1.082108 1.178513 1.181497 1.171889 1.155657 1.135131 1.111408 1.085047 1.056415 1.023847 0.983836 0.944801 0.911414 0.878416 0.845236 0.811627 0.777305 0.741893 0.705120 0.668174 0.637962 0.627971 0.637962 0.668174 0.705120 0.741893 0.777305 0.811627 0.845236 0.878416 0.911414 0.944801 0.983836 1.023847 1.056415 1.085047 1.111408 1.135131 1.155657 1.171889 1.181497 1.178513 1.082108 0.885526 0.785324 0.770921 0.748082 0.719745 0.687562 0.653627 0.625042 0.615385 
0.682973 0.684417 0.691896 0.707339 0.728367 0.751534 0.774460 0.796938 0.835477 0.995019 1.136220 1.151473 1.143618 1.127775 1.107462 1.084074 1.058313 1.030996 0.997009 0.958481 0.924699 0.893861 0.863520 0.833392 0.803526 0.774298 0.746715 0.722895 0.705995 0.698028 0.696527 0.698028 0.705995 0.722895 0.746715 0.774298 0.803526 0.833392 0.863520 0.893861 0.924699 0.958481 0.997009 1.030996 1.058313 1.084074 1.107462 1.127775 1.143618 1.151473 1.136220 0.995019 0.835477 0.796938 0.774460 0.751534 0.728367 0.707339 0.691896 0.684417 0.682973 
0.726301 0.726768 0.729080 0.735155 0.746150 0.761655 0.780392 0.801511 0.827107 0.910834 1.050328 1.115674 1.116030 1.102085 1.082524 1.059663 1.034701 1.005318 0.970596 0.936711 0.906522 0.878235 0.850919 0.824730 0.800263 0.778551 0.760981 0.748805 0.742203 0.739719 0.739217 0.739719 0.742203 0.748805 0.760981 0.778551 0.800263 0.824730 0.850919 0.878235 0.906522 0.936711 0.970596 1.005318 1.034701 1.059663 1.082524 1.102085 1.116030 1.115674 1.050328 0.910834 0.827107 0.801511 0.780392 0.761655 0.746150 0.735155 0.729080 0.726768 0.726301 
0.758004 0.758190 0.759087 0.761654 0.767129 0.776427 0.789828 0.807306 0.829642 0.867738 0.960355 1.055524 1.084507 1.076937 1.059346 1.037475 1.011326 0.980243 0.947932 0.918164 0.891050 0.865801 0.842334 0.821160 0.803051 0.788814 0.778921 0.773133 0.770432 0.769484 0.769284 0.769484 0.770432 0.773133 0.778921 0.788814 0.803051 0.821160 0.842334 0.865801 0.891050 0.918164 0.947932 0.980243 1.011326 1.037475 1.059346 1.076937 1.084507 1.055524 0.960355 0.867738 0.829642 0.807306 0.789828 0.776427 0.767129 0.761654 0.759087 0.758190 0.758004 
0.782298 0.782378 0.782777 0.783990 0.786827 0.792253 0.801141 0.814175 0.832205 0.858631 0.904847 0.981817 1.040026 1.049415 1.036813 1.015739 0.988242 0.958001 0.929239 0.902885 0.878947 0.857308 0.838264 0.822331 0.809956 0.801273 0.795933 0.793148 0.791964 0.791576 0.791499 0.791576 0.791964 0.793148 0.795933 0.801273 0.809956 0.822331 0.838264 0.857308 0.878947 0.902885 0.929239 0.958001 0.988242 1.015739 1.036813 1.049415 1.040026 0.981817 0.904847 0.858631 0.832205 0.814175 0.801141 0.792253 0.786827 0.783990 0.782777 0.782378 0.782298 
0.801176 0.801208 0.801395 0.802016 0.803570 0.806778 0.812499 0.821633 0.835149 0.854729 0.884558 0.930906 0.985626 1.015263 1.012921 0.993619 0.966756 0.939499 0.914000 0.890891 0.870354 0.852582 0.837888 0.826510 0.818424 0.813260 0.810365 0.808982 0.808447 0.808298 0.808275 0.808298 0.808447 0.808982 0.810365 0.813260 0.818424 0.826510 0.837888 0.852582 0.870354 0.890891 0.914000 0.939499 0.966756 0.993619 1.012921 1.015263 0.985626 0.930906 0.884558 0.854729 0.835149 0.821633 0.812499 0.806778 0.803570 0.802016 0.801395 0.801208 0.801176 
0.815823 0.815833 0.815917 0.816244 0.817131 0.819070 0.822736 0.828954 0.838660 0.853044 0.874089 0.904816 0.944330 0.977078 0.985464 0.971457 0.948049 0.924059 0.901779 0.881928 0.864844 0.850766 0.839825 0.831932 0.826729 0.823645 0.822039 0.821335 0.821100 0.821058 0.821059 0.821058 0.821100 0.821335 0.822039 0.823645 0.826729 0.831932 0.839825 0.850766 0.864844 0.881928 0.901779 0.924059 0.948049 0.971457 0.985464 0.977078 0.944330 0.904816 0.874089 0.853044 0.838660 0.828954 0.822736 0.819070 0.817131 0.816244 0.815917 0.815833 0.815823 
0.827098 0.827097 0.827127 0.827297 0.827812 0.829006 0.831370 0.835561 0.842385 0.852802 0.868032 0.889610 0.917672 0.945067 0.957598 0.950059 0.931505 0.911135 0.892126 0.875495 0.861671 0.850810 0.842831 0.837412 0.834049 0.832172 0.831257 0.830895 0.830803 0.830809 0.830820 0.830809 0.830803 0.830895 0.831257 0.832172 0.834049 0.837412 0.842831 0.850810 0.861671 0.875495 0.892126 0.911135 0.931505 0.950059 0.957598 0.945067 0.917672 0.889610 0.868032 0.852802 0.842385 0.835561 0.831370 0.829006 0.827812 0.827297 0.827127 0.827097 0.827098 
0.835689 0.835682 0.835684 0.835767 0.836067 0.836811 0.838348 0.841172 0.845928 0.853396 0.864463 0.880031 0.900183 0.921167 0.933470 0.930540 0.916911 0.900331 0.884576 0.870993 0.860059 0.851827 0.846063 0.842336 0.840132 0.838962 0.838428 0.838243 0.838219 0.838244 0.838258 0.838244 0.838219 0.838243 0.838428 0.838962 0.840132 0.842336 0.846063 0.851827 0.860059 0.870993 0.884576 0.900331 0.916911 0.930540 0.933470 0.921167 0.900183 0.880031 0.864463 0.853396 0.845928 0.841172 0.838348 0.836811 0.836067 0.835767 0.835684 0.835682 0.835689 
0.842171 0.842163 0.842151 0.842184 0.842356 0.842823 0.843830 0.845739 0.849046 0.854368 0.862392 0.873727 0.888352 0.903953 0.914339 0.913916 0.904368 0.891384 0.878704 0.867870 0.859379 0.853212 0.849059 0.846476 0.845008 0.844261 0.843943 0.843852 0.843860 0.843891 0.843905 0.843891 0.843860 0.843852 0.843943 0.844261 0.845008 0.846476 0.849059 0.853212 0.859379 0.867870 0.878704 0.891384 0.904368 0.913916 0.914339 0.903953 0.888352 0.873727 0.862392 0.854368 0.849046 0.845739 0.843830 0.842823 0.842356 0.842184 0.842151 0.842163 0.842171 
0.847025 0.847016 0.846998 0.847004 0.847099 0.847391 0.848053 0.849347 0.851646 0.855426 0.861224 0.869486 0.880150 0.891633 0.899830 0.900509 0.893970 0.884098 0.874156 0.865694 0.859199 0.854614 0.851622 0.849818 0.848825 0.848341 0.848150 0.848110 0.848132 0.848163 0.848176 0.848163 0.848132 0.848110 0.848150 0.848341 0.848825 0.849818 0.851622 0.854614 0.859199 0.865694 0.874156 0.884098 0.893970 0.900509 0.899830 0.891633 0.880150 0.869486 0.861224 0.855426 0.851646 0.849347 0.848053 0.847391 0.847099 0.847004 0.846998 0.847016 0.847025 
0.850641 0.850632 0.850611 0.850602 0.850649 0.850829 0.851263 0.852141 0.853737 0.856416 0.860590 0.866598 0.874377 0.882795 0.889053 0.890083 0.885634 0.878280 0.870653 0.864160 0.859253 0.855867 0.853711 0.852445 0.851768 0.851452 0.851340 0.851329 0.851356 0.851385 0.851397 0.851385 0.851356 0.851329 0.851340 0.851452 0.851768 0.852445 0.853711 0.855867 0.859253 0.864160 0.870653 0.878280 0.885634 0.890083 0.889053 0.882795 0.874377 0.866598 0.860590 0.856416 0.853737 0.852141 0.851263 0.850829 0.850649 0.850602 0.850611 0.850632 0.850641 
0.853331 0.853322 0.853301 0.853283 0.853299 0.853404 0.853684 0.854276 0.855381 0.857271 0.860263 0.864616 0.870279 0.876432 0.881123 0.882157 0.879125 0.873721 0.867970 0.863064 0.859398 0.856913 0.855365 0.854477 0.854016 0.853813 0.853752 0.853759 0.853788 0.853815 0.853825 0.853815 0.853788 0.853759 0.853752 0.853813 0.854016 0.854477 0.855365 0.856913 0.859398 0.863064 0.867970 0.873721 0.879125 0.882157 0.881123 0.876432 0.870279 0.864616 0.860263 0.857271 0.855381 0.854276 0.853684 0.853404 0.853299 0.853283 0.853301 0.853322 0.853331 
0.855338 0.855329 0.855308 0.855284 0.855280 0.855334 0.855508 0.855899 0.856656 0.857980 0.860111 0.863246 0.867352 0.871834 0.875311 0.876213 0.874137 0.870203 0.865926 0.862270 0.859562 0.857756 0.856652 0.856036 0.855729 0.855605 0.855579 0.855597 0.855628 0.855653 0.855662 0.855653 0.855628 0.855597 0.855579 0.855605 0.855729 0.856036 0.856652 0.857756 0.859562 0.862270 0.865926 0.870203 0.874137 0.876213 0.875311 0.871834 0.867352 0.863246 0.860111 0.857980 0.856656 0.855899 0.855508 0.855334 0.855280 0.855284 0.855308 0.855329 0.855338 
0.856848 0.856840 0.856818 0.856790 0.856772 0.856790 0.856888 0.857136 0.857643 0.858556 0.860057 0.862296 0.865253 0.868499 0.871051 0.871786 0.870358 0.867518 0.864379 0.861690 0.859718 0.858424 0.857651 0.857234 0.857039 0.856972 0.856971 0.856999 0.857031 0.857054 0.857063 0.857054 0.857031 0.856999 0.856971 0.856972 0.857039 0.857234 0.857651 0.858424 0.859718 0.861690 0.864379 0.867518 0.870358 0.871786 0.871051 0.868499 0.865253 0.862296 0.860057 0.858556 0.857643 0.857136 0.856888 0.856790 0.856772 0.856790 0.856818 0.856840 0.856848 
0.858000 0.857993 0.857971 0.857941 0.857912 0.857904 0.857947 0.858092 0.858415 0.859027 0.860061 0.861635 0.863739 0.866067 0.867920 0.868493 0.867511 0.865480 0.863210 0.861269 0.859861 0.858956 0.858433 0.858166 0.858054 0.858030 0.858048 0.858082 0.858114 0.858137 0.858145 0.858137 0.858114 0.858082 0.858048 0.858030 0.858054 0.858166 0.858433 0.858956 0.859861 0.861269 0.863210 0.865480 0.867511 0.868493 0.867920 0.866067 0.863739 0.861635 0.860061 0.859027 0.858415 0.858092 0.857947 0.857904 0.857912 0.857941 0.857971 0.857993 0.858000 
0.858897 0.858890 0.858869 0.858838 0.858804 0.858778 0.858782 0.858850 0.859038 0.859424 0.860108 0.861181 0.862642 0.864279 0.865599 0.866029 0.865359 0.863934 0.862331 0.860969 0.860000 0.859396 0.859064 0.858910 0.858861 0.858867 0.858898 0.858935 0.858967 0.858988 0.858995 0.858988 0.858967 0.858935 0.858898 0.858867 0.858861 0.858910 0.859064 0.859396 0.860000 0.860969 0.862331 0.863934 0.865359 0.866029 0.865599 0.864279 0.862642 0.861181 0.860108 0.859424 0.859038 0.858850 0.858782 0.858778 0.858804 0.858838 0.858869 0.858890 0.858897 
0.859609 0.859603 0.859584 0.859555 0.859519 0.859484 0.859463 0.859479 0.859567 0.859783 0.860198 0.860882 0.861843 0.862943 0.863846 0.864153 0.863711 0.862751 0.861673 0.860773 0.860151 0.859783 0.859598 0.859528 0.859523 0.859549 0.859585 0.859622 0.859651 0.859670 0.859676 0.859670 0.859651 0.859622 0.859585 0.859549 0.859523 0.859528 0.859598 0.859783 0.860151 0.860773 0.861673 0.862751 0.863711 0.864153 0.863846 0.862943 0.861843 0.860882 0.860198 0.859783 0.859567 0.859479 0.859463 0.859484 0.859519 0.859555 0.859584 0.859603 0.859609 
0.860183 0.860178 0.860163 0.860138 0.860107 0.860072 0.860041 0.860026 0.860048 0.860140 0.860347 0.860718 0.861268 0.861921 0.862472 0.862668 0.862407 0.861832 0.861195 0.860679 0.860341 0.860157 0.860080 0.860066 0.860085 0.860118 0.860153 0.860184 0.860208 0.860222 0.860227 0.860222 0.860208 0.860184 0.860153 0.860118 0.860085 0.860066 0.860080 0.860157 0.860341 0.860679 0.861195 0.861832 0.862407 0.862668 0.862472 0.861921 0.861268 0.860718 0.860347 0.860140 0.860048 0.860026 0.860041 0.860072 0.860107 0.860138 0.860163 0.860178 0.860183 
0.860625 0.860622 0.860610 0.860592 0.860568 0.860541 0.860513 0.860490 0.860483 0.860505 0.860573 0.860703 0.860899 0.861130 0.861325 0.861399 0.861315 0.861119 0.860896 0.860711 0.860591 0.860530 0.860512 0.860521 0.860544 0.860571 0.860598 0.860621 0.860639 0.860650 0.860653 0.860650 0.860639 0.860621 0.860598 0.860571 0.860544 0.860521 0.860512 0.860530 0.860591 0.860711 0.860896 0.861119 0.861315 0.861399 0.861325 0.861130 0.860899 0.860703 0.860573 0.860505 0.860483 0.860490 0.860513 0.860541 0.860568 0.860592 0.860610 0.860622 0.860625 
