1.000000 0.852072 0.831118 0.810451 0.791579 0.775130 0.762720 0.758839 0.678896 0.547705 0.494470 0.492639 0.499557 0.510883 0.525032 0.541260 0.559209 0.578765 0.599972 0.625819 0.651936 0.673717 0.694753 0.715629 0.736481 0.757458 0.778763 0.800690 0.823441 0.845855 1.000000 0.845855 0.823441 0.800690 0.778763 0.757458 0.736481 0.715629 0.694753 0.673717 0.651936 0.625819 0.599972 0.578765 0.559209 0.541260 0.525032 0.510883 0.499557 0.492639 0.494470 0.547705 0.678896 0.758839 0.762720 0.775130 0.791579 0.810451 0.831118 0.852072 1.000000 
0.849599 0.844403 0.829293 0.811251 0.793947 0.778532 0.765973 0.757895 0.697774 0.577064 0.514833 0.514012 0.521235 0.532540 0.546362 0.561964 0.578967 0.597123 0.617512 0.642154 0.665845 0.685673 0.704978 0.724121 0.743249 0.762514 0.782110 0.802173 0.822080 0.838256 0.843698 0.838256 0.822080 0.802173 0.782110 0.762514 0.743249 0.724121 0.704978 0.685673 0.665845 0.642154 0.617512 0.597123 0.578967 0.561964 0.546362 0.532540 0.521235 0.514012 0.514833 0.577064 0.697774 0.757895 0.765973 0.778532 0.793947 0.811251 0.829293 0.844403 0.849599 
0.816829 0.815948 0.811665 0.802993 0.791217 0.778186 0.765157 0.752110 0.728882 0.632593 0.543336 0.534364 0.540237 0.551077 0.564569 0.579789 0.596273 0.613491 0.634629 0.658222 0.678605 0.696910 0.714697 0.732165 0.749307 0.765937 0.781522 0.794927 0.804460 0.809033 0.809946 0.809033 0.804460 0.794927 0.781522 0.765937 0.749307 0.732165 0.714697 0.696910 0.678605 0.658222 0.634629 0.613491 0.596273 0.579789 0.564569 0.551077 0.540237 0.534364 0.543336 0.632593 0.728882 0.752110 0.765157 0.778186 0.791217 0.802993 0.811665 0.815948 0.816829 
0.794481 0.794177 0.792765 0.789191 0.782821 0.773872 0.763023 0.750685 0.735529 0.684749 0.599378 0.558090 0.558522 0.567994 0.580860 0.595615 0.611478 0.629894 0.651318 0.671950 0.690082 0.706861 0.722903 0.738158 0.752316 0.764823 0.774930 0.781957 0.785815 0.787311 0.787629 0.787311 0.785815 0.781957 0.774930 0.764823 0.752316 0.738158 0.722903 0.706861 0.690082 0.671950 0.651318 0.629894 0.611478 0.595615 0.580860 0.567994 0.558522 0.558090 0.599378 0.684749 0.735529 0.750685 0.763023 0.773872 0.782821 0.789191 0.792765 0.794177 0.794481 
0.777512 0.777385 0.776810 0.775245 0.771989 0.766519 0.758657 0.748374 0.735134 0.712195 0.656250 0.597212 0.579160 0.584418 0.595906 0.609919 0.626430 0.645761 0.665571 0.683595 0.699826 0.714794 0.728600 0.740987 0.751541 0.759830 0.765605 0.769012 0.770633 0.771224 0.771355 0.771224 0.770633 0.769012 0.765605 0.759830 0.751541 0.740987 0.728600 0.714794 0.699826 0.683595 0.665571 0.645761 0.626430 0.609919 0.595906 0.584418 0.579160 0.597212 0.656250 0.712195 0.735134 0.748374 0.758657 0.766519 0.771989 0.775245 0.776810 0.777385 0.777512 
0.764175 0.764117 0.763853 0.763095 0.761380 0.758149 0.752891 0.745192 0.734509 0.718728 0.690909 0.644086 0.607894 0.602237 0.610437 0.623844 0.641073 0.659746 0.677274 0.693158 0.707451 0.720274 0.731495 0.740851 0.748107 0.753205 0.756358 0.758023 0.758748 0.758998 0.759051 0.758998 0.758748 0.758023 0.756358 0.753205 0.748107 0.740851 0.731495 0.720274 0.707451 0.693158 0.677274 0.659746 0.641073 0.623844 0.610437 0.602237 0.607894 0.644086 0.690909 0.718728 0.734509 0.745192 0.752891 0.758149 0.761380 0.763095 0.763853 0.764117 0.764175 
0.753620 0.753595 0.753467 0.753075 0.752127 0.750204 0.746805 0.741396 0.733390 0.721748 0.703896 0.675898 0.642457 0.624110 0.625726 0.637904 0.654602 0.671316 0.686772 0.700648 0.712884 0.723411 0.732082 0.738782 0.743545 0.746596 0.748320 0.749156 0.749490 0.749591 0.749609 0.749591 0.749490 0.749156 0.748320 0.746596 0.743545 0.738782 0.732082 0.723411 0.712884 0.700648 0.686772 0.671316 0.654602 0.637904 0.625726 0.624110 0.642457 0.675898 0.703896 0.721748 0.733390 0.741396 0.746805 0.750204 0.752127 0.753075 0.753467 0.753595 0.753620 
0.745319 0.745310 0.745251 0.745042 0.744500 0.743335 0.741152 0.737467 0.731719 0.723186 0.710647 0.692208 0.668274 0.648239 0.643122 0.651870 0.666301 0.680916 0.694356 0.706234 0.716395 0.724731 0.731192 0.735850 0.738924 0.740754 0.741715 0.742145 0.742295 0.742327 0.742329 0.742327 0.742295 0.742145 0.741715 0.740754 0.738924 0.735850 0.731192 0.724731 0.716395 0.706234 0.694356 0.680916 0.666301 0.651870 0.643122 0.648239 0.668274 0.692208 0.710647 0.723186 0.731719 0.737467 0.741152 0.743335 0.744500 0.745042 0.745251 0.745310 0.745319 
0.738866 0.738865 0.738842 0.738732 0.738417 0.737699 0.736292 0.733808 0.729769 0.723599 0.714552 0.701669 0.684795 0.668191 0.660567 0.665227 0.676566 0.688899 0.700315 0.710237 0.718445 0.724873 0.729587 0.732788 0.734778 0.735894 0.736444 0.736667 0.736728 0.736729 0.736723 0.736729 0.736728 0.736667 0.736444 0.735894 0.734778 0.732788 0.729587 0.724873 0.718445 0.710237 0.700315 0.688899 0.676566 0.665227 0.660567 0.668191 0.684795 0.701669 0.714552 0.723599 0.729769 0.733808 0.736292 0.737699 0.738417 0.738732 0.738842 0.738865 0.738866 
0.733912 0.733915 0.733911 0.733857 0.733674 0.733227 0.732312 0.730639 0.727826 0.723409 0.716850 0.707590 0.695540 0.682918 0.675488 0.677286 0.685546 0.695526 0.704949 0.713032 0.719513 0.724381 0.727786 0.729989 0.731294 0.731991 0.732312 0.732426 0.732444 0.732432 0.732425 0.732432 0.732444 0.732426 0.732312 0.731991 0.731294 0.729989 0.727786 0.724381 0.719513 0.713032 0.704949 0.695526 0.685546 0.677286 0.675488 0.682918 0.695540 0.707590 0.716850 0.723409 0.727826 0.730639 0.732312 0.733227 0.733674 0.733857 0.733911 0.733915 0.733912 
0.730154 0.730159 0.730164 0.730141 0.730036 0.729756 0.729158 0.728028 0.726073 0.722928 0.718181 0.711458 0.702750 0.693421 0.687189 0.687452 0.693197 0.700973 0.708531 0.714962 0.719988 0.723632 0.726085 0.727611 0.728481 0.728925 0.729116 0.729173 0.729170 0.729154 0.729146 0.729154 0.729170 0.729173 0.729116 0.728925 0.728481 0.727611 0.726085 0.723632 0.719988 0.714962 0.708531 0.700973 0.693197 0.687452 0.687189 0.693421 0.702750 0.711458 0.718181 0.722928 0.726073 0.728028 0.729158 0.729756 0.730036 0.730141 0.730164 0.730159 0.730154 
0.727328 0.727334 0.727343 0.727338 0.727280 0.727105 0.726713 0.725947 0.724589 0.722357 0.718931 0.714042 0.707713 0.700876 0.695983 0.695580 0.699492 0.705378 0.711286 0.716299 0.720139 0.722846 0.724613 0.725678 0.726266 0.726553 0.726668 0.726693 0.726682 0.726665 0.726657 0.726665 0.726682 0.726693 0.726668 0.726553 0.726266 0.725678 0.724613 0.722846 0.720139 0.716299 0.711286 0.705378 0.699492 0.695580 0.695983 0.700876 0.707713 0.714042 0.718931 0.722357 0.724589 0.725947 0.726713 0.727105 0.727280 0.727338 0.727343 0.727334 0.727328 
0.725217 0.725223 0.725234 0.725238 0.725209 0.725102 0.724845 0.724326 0.723384 0.721804 0.719340 0.715789 0.711184 0.706188 0.702466 0.701855 0.704504 0.708874 0.713395 0.717236 0.720133 0.722132 0.723404 0.724151 0.724551 0.724739 0.724806 0.724814 0.724799 0.724782 0.724775 0.724782 0.724799 0.724814 0.724806 0.724739 0.724551 0.724151 0.723404 0.722132 0.720133 0.717236 0.713395 0.708874 0.704504 0.701855 0.702466 0.706188 0.711184 0.715789 0.719340 0.721804 0.723384 0.724326 0.724845 0.725102 0.725209 0.725238 0.725234 0.725223 0.725217 
0.723643 0.723648 0.723661 0.723671 0.723660 0.723598 0.723432 0.723082 0.722430 0.721316 0.719551 0.716982 0.713635 0.709992 0.707210 0.706597 0.708397 0.711600 0.715003 0.717901 0.720064 0.721529 0.722442 0.722966 0.723238 0.723359 0.723395 0.723392 0.723375 0.723360 0.723354 0.723360 0.723375 0.723392 0.723395 0.723359 0.723238 0.722966 0.722442 0.721529 0.720064 0.717901 0.715003 0.711600 0.708397 0.706597 0.707210 0.709992 0.713635 0.716982 0.719551 0.721316 0.722430 0.723082 0.723432 0.723598 0.723660 0.723671 0.723661 0.723648 0.723643 
0.722467 0.722472 0.722485 0.722498 0.722500 0.722468 0.722365 0.722134 0.721688 0.720907 0.719651 0.717802 0.715378 0.712730 0.710673 0.710139 0.711368 0.713695 0.716221 0.718379 0.719976 0.721040 0.721691 0.722054 0.722236 0.722309 0.722325 0.722315 0.722297 0.722282 0.722277 0.722282 0.722297 0.722315 0.722325 0.722309 0.722236 0.722054 0.721691 0.721040 0.719976 0.718379 0.716221 0.713695 0.711368 0.710139 0.710673 0.712730 0.715378 0.717802 0.719651 0.720907 0.721688 0.722134 0.722365 0.722468 0.722500 0.722498 0.722485 0.722472 0.722467 
0.721581 0.721586 0.721599 0.721615 0.721625 0.721614 0.721556 0.721410 0.721111 0.720573 0.719689 0.718369 0.716625 0.714709 0.713202 0.712768 0.713611 0.715289 0.717141 0.718726 0.719888 0.720651 0.721107 0.721353 0.721468 0.721508 0.721508 0.721492 0.721474 0.721460 0.721455 0.721460 0.721474 0.721492 0.721508 0.721508 0.721468 0.721353 0.721107 0.720651 0.719888 0.718726 0.717141 0.715289 0.713611 0.712768 0.713202 0.714709 0.716625 0.718369 0.719689 0.720573 0.721111 0.721410 0.721556 0.721614 0.721625 0.721615 0.721599 0.721586 0.721581 
0.720904 0.720909 0.720921 0.720939 0.720956 0.720960 0.720935 0.720849 0.720659 0.720298 0.719689 0.718762 0.717522 0.716149 0.715056 0.714718 0.715298 0.716495 0.717834 0.718978 0.719807 0.720340 0.720648 0.720806 0.720872 0.720886 0.720876 0.720856 0.720837 0.720824 0.720820 0.720824 0.720837 0.720856 0.720876 0.720886 0.720872 0.720806 0.720648 0.720340 0.719807 0.718978 0.717834 0.716495 0.715298 0.714718 0.715056 0.716149 0.717522 0.718762 0.719689 0.720298 0.720659 0.720849 0.720935 0.720960 0.720956 0.720939 0.720921 0.720909 0.720904 
0.720377 0.720382 0.720394 0.720412 0.720432 0.720447 0.720444 0.720404 0.720293 0.720066 0.719663 0.719031 0.718171 0.717206 0.716428 0.716175 0.716569 0.717409 0.718354 0.719156 0.719727 0.720083 0.720278 0.720369 0.720398 0.720395 0.720377 0.720355 0.720336 0.720324 0.720320 0.720324 0.720336 0.720355 0.720377 0.720395 0.720398 0.720369 0.720278 0.720083 0.719727 0.719156 0.718354 0.717409 0.716569 0.716175 0.716428 0.717206 0.718171 0.719031 0.719663 0.720066 0.720293 0.720404 0.720444 0.720447 0.720432 0.720412 0.720394 0.720382 0.720377 
0.719959 0.719962 0.719973 0.719990 0.720011 0.720032 0.720044 0.720035 0.719983 0.719855 0.719611 0.719208 0.718642 0.717994 0.717463 0.717282 0.717542 0.718108 0.718742 0.719272 0.719639 0.719856 0.719965 0.720006 0.720009 0.719994 0.719972 0.719951 0.719934 0.719923 0.719919 0.719923 0.719934 0.719951 0.719972 0.719994 0.720009 0.720006 0.719965 0.719856 0.719639 0.719272 0.718742 0.718108 0.717542 0.717282 0.717463 0.717994 0.718642 0.719208 0.719611 0.719855 0.719983 0.720035 0.720044 0.720032 0.720011 0.719990 0.719973 0.719962 0.719959 
0.719621 0.719624 0.719633 0.719647 0.719666 0.719686 0.719704 0.719713 0.719700 0.719646 0.719523 0.719305 0.718981 0.718597 0.718273 0.718157 0.718311 0.718650 0.719025 0.719328 0.719527 0.719635 0.719681 0.719689 0.719678 0.719659 0.719639 0.719621 0.719607 0.719598 0.719595 0.719598 0.719607 0.719621 0.719639 0.719659 0.719678 0.719689 0.719681 0.719635 0.719527 0.719328 0.719025 0.718650 0.718311 0.718157 0.718273 0.718597 0.718981 0.719305 0.719523 0.719646 0.719700 0.719713 0.719704 0.719686 0.719666 0.719647 0.719633 0.719624 0.719621 
0.719361 0.719363 0.719369 0.719380 0.719394 0.719410 0.719427 0.719440 0.719444 0.719431 0.719391 0.719314 0.719199 0.719063 0.718949 0.718905 0.718954 0.719070 0.719201 0.719309 0.719380 0.719416 0.719427 0.719422 0.719409 0.719393 0.719377 0.719363 0.719353 0.719346 0.719344 0.719346 0.719353 0.719363 0.719377 0.719393 0.719409 0.719422 0.719427 0.719416 0.719380 0.719309 0.719201 0.719070 0.718954 0.718905 0.718949 0.719063 0.719199 0.719314 0.719391 0.719431 0.719444 0.719440 0.719427 0.719410 0.719394 0.719380 0.719369 0.719363 0.719361 
