-8184233454596656034954848730803626024716558715499022124071069419864023092105005905215488.000000
-14486434154654221031930526831754989805324743756260478182018570990089589006252749944258560.000000
-10891742636879770140013027904842604925908853749159624999996424359354527558523906020081664.000000
-7978426314139752059446874013735474520268531819079832275273855160119637097328779085217792.000000
-5639648618129609113229060681151842693677285455719179188053670520893855597604519364526080.000000
-3789642349070477937003933755060692955859986664055221979452801632438158598138952977219584.000000
-2360564437678819892591241176515468109900080772724200500149812058467348926533631268093952.000000
-1300008017353159706814549850140684577110092131123993989616531094296816214641294255849472.000000
-569080569777624914951265143185903544985495365458205621849026987372861398412380422012928.000000
-140977666071953916023673043903288038980508420396551240320036657187204155105091008856064.000000
-12014765040388561513290977163059018708141067470443759146106880.000000
-140977666071817233839021203578041681075411886184490898557951794851865716475362887598080.000000
-569080569777270551686835528478801494880502613863374972109959871045573133768633670959104.000000
-1300008017352695467748279329658086565691771929283960318222627025415569762611904620003328.000000
-2360564437678207238371529271749185101491698165728837320108570437593620259583333052186624.000000
-3789642349069749996013245060716904637289680581626701056087288877427412496384020417871872.000000
-5639648618128524269131286753173478549011829303750461112940988890853568931396925695983616.000000
-7978426314138923408173492951484899953740683390295909185326220494828278064020372846542848.000000
-10891742636878619922573857176644046199235870109205821307979558331412790392886864524607488.000000
-14486434154653319939927489855746902323599364867817406165231164424420946987090090708172800.000000
-8184233454596186053635617680571956867581361099173812013354500505221162744855462068355072.000000
