-27660468423458087520248993687650948924198573813949615613343639150059137819657981596053799216440814836734402837835198933084011407735178402574239478007884092379623751440565608156350555915961258475520.000000
-22569740324247529358866031557378287410803768340789739944352277051221211512851793432966919531556221075651776546848708454211972640795349696056990456157805388089607680316347597423285108181146059931648.000000
-9395070392151496486208370598528247388361040509852765919821289238006732285020659806185006557931135228817830167586445683348893962417221912346607792713758337938682782008766487084430658771869180624896.000000
-394708076685465727722472444270857373292043549214734985002896711005496923458516870006899461876783231961084114722608848535992843471689200791786642268506368634695567950077654701628001208587364859904.000000
-3632867920076196948222710661112214477874560453320594072107586287980552073166055479579959766476833196633639552059024180480566872055404934246529967881217511944694584276951203777772308110907883388928.000000
-14139087117554063357310366715695630432304805091061944730678536792704558947088859548941353623386213513069606899922592868604197879484725043633363601525525467992109196762466488756228530917974625746944.000000
-18137064738213639355183298687473469904432437644100686157387048435419433479952687148670311673098116775939087576365358207121960998195342460456269687508701175754019996182147794308996927451633689821184.000000
-9330801937547471593974245023428420951085092243085040212693921800074991076702837522365389844639874626487538606717406719153261151215521257965341210718433423910290392060831662273157914862142548344832.000000
-81814274925210302145553113664890795711451137768582658932490942150298049044476324471940062625793754209716822384750180263195173659672259288273280501670029327177259385514996722386104623235579510784.000000
-11531526116498533078526090709383840756191321253022203483744987871355054550281028115467351388991115384484923756615918440518742564965058658555039162967308388202059802318979780924902683007687094960128.000000
-48379254624280381651207232830993548689982806426301606174603605657251248545513043978934985027253620909727899138626612443118031718748637435489769886761962223892468206750595582862054139068946512347136.000000
-85408339348520270551994020917580535100483060479770973946795059987086481371827160744604888580377865161644541192960536219062728284130436239379358584954671856016740127517043250513816454627458895839232.000000
-87056242408967144351884309599216420728867619704576705832709918945871733650982371418496961049927575740809168190530503272234566948020132329860475367066386067875654650661593389128242055610507049566208.000000
-46896783196021983011455049599717356842164574403843820471838169866305010828351531041262327545629036553770178951645547332824064155390849599751332538007039208977200269553478908645081772496561530470400.000000
-4705016318319015369888208369219734060440885432722055956724247890627399186122067344749494690552949239111164837617569656630603945787644458811572632792365043135953724054792144298648993724389967003648.000000
-12904187592464147783763836020354729182207111745366176373391575346126809835727541428088978125272926440977777374345989828726553708587105685664375470291256816936636767913044783124038948127644609150976.000000
-77825729470476051902207039578726321344729465125332670603354147264132407044782644700893801416297056120899281916879577346488106812279575095652111803851338685629276104075964545986594994893491609272320.000000
-140147978584429768526843282946795008042982886564884215667960905528100200159675444242588019970314998970704831999143474698920440138618179373531268885102251687349480104335731302424310029779595677401088.000000
-130176767211634664937328930869056710069108339743765070019961410155167828140554750181281413861993863661783183456567423438274330001398011665450320825164655614759525132802111934093491417995655790985216.000000
-51890191707895234685214238665998888569897586057608741288953788738289790842424885905815697386459935391283187342046701514299086666697233417551642685657071333276487367728638409035594868190580853178368.000000
-5090472992997256537166999132348862800358763986066815100525400539728102251407827551176545834577577717187203501797909119645770325399788141094728147212527329461833273075000919806242062486659399680.000000
