-0.073107
-0.621887
-0.559643
-0.482549
-0.447292
-0.424428
-0.407547
-0.394126
-0.382889
-0.373111
-0.364346
-0.356307
-0.348801
-0.341696
-0.334896
-0.328333
-0.321957
-0.315730
-0.309623
-0.303616
-0.297692
-0.291838
-0.286045
-0.280305
-0.274612
-0.268962
-0.263351
-0.257776
-0.252236
-0.246729
-0.241252
-0.235806
-0.230389
-0.225000
-0.219639
-0.214303
-0.208993
-0.203707
-0.198443
-0.193201
-0.187978
-0.182772
-0.177582
-0.172405
-0.167238
-0.162078
-0.156921
-0.151763
-0.146600
-0.141427
-0.136238
-0.131026
-0.125786
-0.120508
-0.115185
-0.109806
-0.104361
-0.098837
-0.093221
-0.087496
-0.081646
-0.075651
-0.069486
-0.063126
-0.056540
-0.049691
-0.042538
-0.035028
-0.027100
-0.018677
-0.009666
0.000056
0.010648
0.022325
0.035385
0.050270
0.067663
0.088713
0.115539
0.152527
0.263767
