0.239391
0.146690
0.116098
0.094022
0.076748
0.062505
0.050343
0.039703
0.030225
0.021668
0.013861
0.006678
0.000023
-0.006177
-0.011981
-0.017436
-0.022582
-0.027450
-0.032067
-0.036455
-0.040636
-0.044625
-0.048437
-0.052085
-0.055580
-0.058932
-0.062150
-0.065243
-0.068216
-0.071077
-0.073831
-0.076484
-0.079041
-0.081505
-0.083880
-0.086172
-0.088381
-0.090513
-0.092570
-0.094553
-0.096467
-0.098313
-0.100093
-0.101809
-0.103463
-0.105057
-0.106592
-0.108069
-0.109491
-0.110859
-0.112173
-0.113435
-0.114646
-0.115806
-0.116918
-0.117981
-0.118997
-0.119966
-0.120889
-0.121767
-0.122600
-0.123389
-0.124134
-0.124837
-0.125497
-0.126115
-0.126691
-0.127226
-0.127720
-0.128173
-0.128586
-0.128959
-0.129292
-0.129585
-0.129839
-0.130053
-0.130229
-0.130365
-0.130462
-0.130520
-0.130540
-0.130520
-0.130462
-0.130365
-0.130229
-0.130053
-0.129839
-0.129585
-0.129292
-0.128959
-0.128586
-0.128173
-0.127720
-0.127226
-0.126691
-0.126115
-0.125497
-0.124837
-0.124134
-0.123389
-0.122600
-0.121767
-0.120889
-0.119966
-0.118997
-0.117981
-0.116918
-0.115806
-0.114646
-0.113435
-0.112173
-0.110859
-0.109491
-0.108069
-0.106592
-0.105057
-0.103463
-0.101809
-0.100093
-0.098313
-0.096467
-0.094553
-0.092570
-0.090513
-0.088381
-0.086172
-0.083880
-0.081505
-0.079041
-0.076484
-0.073831
-0.071077
-0.068216
-0.065243
-0.062150
-0.058932
-0.055580
-0.052085
-0.048437
-0.044625
-0.040636
-0.036455
-0.032067
-0.027450
-0.022582
-0.017436
-0.011981
-0.006177
0.000023
0.006678
0.013861
0.021668
0.030225
0.039703
0.050343
0.062505
0.076748
0.094022
0.116098
0.146690
0.239391
