0.199763
0.101994
0.068998
0.044960
0.026050
0.010425
-0.002912
-0.014555
-0.024882
-0.034152
-0.042549
-0.050209
-0.057234
-0.063705
-0.069686
-0.075229
-0.080375
-0.085159
-0.089611
-0.093757
-0.097616
-0.101208
-0.104548
-0.107649
-0.110525
-0.113185
-0.115639
-0.117894
-0.119957
-0.121836
-0.123535
-0.125059
-0.126413
-0.127599
-0.128621
-0.129482
-0.130184
-0.130728
-0.131115
-0.131348
-0.131426
-0.131349
-0.131117
-0.130731
-0.130188
-0.129487
-0.128627
-0.127606
-0.126421
-0.125068
-0.123545
-0.121847
-0.119969
-0.117907
-0.115653
-0.113200
-0.110541
-0.107666
-0.104565
-0.101226
-0.097636
-0.093777
-0.089633
-0.085181
-0.080398
-0.075253
-0.069712
-0.063731
-0.057261
-0.050236
-0.042577
-0.034181
-0.024911
-0.014585
-0.002944
0.010393
0.026018
0.044927
0.068965
0.101961
0.199730
