0.199745
0.101977
0.068982
0.044945
0.026038
0.010414
-0.002921
-0.014561
-0.024887
-0.034155
-0.042550
-0.050208
-0.057232
-0.063701
-0.069680
-0.075221
-0.080365
-0.085148
-0.089598
-0.093742
-0.097600
-0.101190
-0.104528
-0.107628
-0.110503
-0.113161
-0.115613
-0.117867
-0.119929
-0.121807
-0.123505
-0.125028
-0.126380
-0.127565
-0.128587
-0.129447
-0.130148
-0.130691
-0.131078
-0.131310
-0.131387
-0.131310
-0.131078
-0.130691
-0.130148
-0.129447
-0.128587
-0.127565
-0.126380
-0.125028
-0.123505
-0.121807
-0.119929
-0.117867
-0.115613
-0.113161
-0.110503
-0.107628
-0.104528
-0.101190
-0.097600
-0.093742
-0.089598
-0.085148
-0.080365
-0.075221
-0.069680
-0.063701
-0.057232
-0.050208
-0.042550
-0.034155
-0.024887
-0.014561
-0.002921
0.010414
0.026038
0.044945
0.068982
0.101977
0.199745
