-399529768245323873532187862877840845510956255912926196985071604913250088377076799214392332450869583998693038685003105597349043051238812471048578676821045577182880863354880.000000
-149074716661178647949630931978400309269115612316056472215888469069104068802569592571258623362432615951740400720826053720338265940248414200651667235707144229712477550542848.000000
-8101038325047448814344997746737568328188381980271653101906503032537667062165484411129603106855950455110817580566095227985003845705686448808150782953565580852313693618176.000000
-32168681509573441213570108138288202085972349552573396065327377869932436145750979491330939600741319021507793857538299772030977818713097617208023721011884138455349443166208.000000
-114951822379696555862003758857340292751631863148937599308410752705109786027915824571721746685469521079178832672627590670489503964395204769357062129889942517218345912107008.000000
-109311009353507719063135139517521141457849973741397766094177653079758710753201992351393698948498060433241753878053193299788856436809080174161287348001311817726642790334464.000000
-19962254621927696831232211469544213950776678899329980104344454722917968629724826104640728869208612613061390802074282541511494809768709844375952421277672889049272872337408.000000
-34844319795150919903933243705179847840935388950693681017454652790320989506692752077665618030822153603847643899278253956052456846219901797156942969006582776674849558364160.000000
-316353316798044250241236200404617414690198195866362917747647780124418815624798154499188985167368618549032512231090666474243808992461538875628274634442635401287768274370560.000000
-755674959601086208051351461917548684239100511769162609831209183727413359072672329680390342657629598102623403212410771717234473830785252354216300294849188916089830946897920.000000
-995506278606821151683639801952854021416755586271811047741586808638802066601571158296344104256579721668670080833816204691774688116673681533539335463667583940804555562811392.000000
-775741848157792356958733569901845128391586683692480208293948097470220857984542540238798253120394977996123275814059720951279219826102154696763332299277624843210491321909248.000000
-270131365566926909957917335171376620184955902547684915586588712151516536346168057155911655869098869667727317766205825173663376980556193606746233937067271991051937896202240.000000
-56802203346354973894849816662123773208482361762537141069929522472529153134627069257852212411099923006567272645990212397044869763231233875655186077000265681921191706624.000000
-315713094858271326872705447438388316678566125257036760789860214282528384201263440399501633981984011874248443479838472670422078888245395826177361069633888865092682504994816.000000
-957650143350444146339937642866960072321138572138481676563453368184222696538054885191834562302384169558445657240992331193881015671916962552889047292490791810326631519617024.000000
-1244737738610414567703858908713734825011994495134802516330694890085980030669072517144920497959428203109247600994457981645791041136716409597503805836616466494618795667095552.000000
-811547338680236054543480723908010482766262515878856167440205330675706810576598261691698580780759097444677286885357744077096682968093208070864584414306579832384284321120256.000000
-131493462583987800663006126966320118518467675357446287571514402868250667330051277139948495969814821337322043521061961782986468109308348319159251517559753427130778791182336.000000
-134240037824015342536379742951105629516621931936038505294147211243961013116635575655351819494116466823586146322063830136601986259612388199731518462330930602650329782681600.000000
-1150253899383639866700354932618636520527784579750151065272487474490015487880417546929780291484157182261587045061710751503323189449166702817167995225844547434919080258174976.000000
