   1.0000        0
   0.9750   0.0064
   0.9500   0.0120
   0.9250   0.0171
   0.9000   0.0216
   0.8750   0.0257
   0.8500   0.0293
   0.8250   0.0326
   0.8000   0.0355
   0.7750   0.0381
   0.7500   0.0405
   0.7250   0.0426
   0.7000   0.0446
   0.6750   0.0463
   0.6500   0.0478
   0.6250   0.0492
   0.6000   0.0504
   0.5500   0.0524
   0.5000   0.0538
   0.4500   0.0546
   0.4000   0.0548
   0.3500   0.0545
   0.3000   0.0536
   0.2500   0.0521
   0.2000   0.0499
   0.1750   0.0484
   0.1500   0.0466
   0.1250   0.0444
   0.1000   0.0416
   0.0750   0.0381
   0.0500   0.0334
   0.0375   0.0302
   0.0250   0.0262
   0.0125   0.0203
   0.0065   0.0158
   0.0020   0.0092
        0        0
   0.0020  -0.0092
   0.0065  -0.0158
   0.0125  -0.0203
   0.0250  -0.0262
   0.0375  -0.0302
   0.0500  -0.0334
   0.0750  -0.0381
   0.1000  -0.0416
   0.1250  -0.0444
   0.1500  -0.0466
   0.1750  -0.0484
   0.2000  -0.0499
   0.2500  -0.0521
   0.3000  -0.0536
   0.3500  -0.0545
   0.4000  -0.0548
   0.4500  -0.0546
   0.5000  -0.0538
   0.5500  -0.0524
   0.6000  -0.0504
   0.6250  -0.0492
   0.6500  -0.0478
   0.6750  -0.0463
   0.7000  -0.0446
   0.7250  -0.0426
   0.7500  -0.0405
   0.7750  -0.0381
   0.8000  -0.0355
   0.8250  -0.0326
   0.8500  -0.0293
   0.8750  -0.0257
   0.9000  -0.0216
   0.9250  -0.0171
   0.9500  -0.0120
   0.9750  -0.0064
   1.0000        0