-0.000000 -0.000546 -0.002161 -0.004775 -0.008272 -0.012500 -0.017275 -0.022387 -0.027613 -0.032725 -0.037500 -0.041728 -0.045225 -0.047839 -0.049454 -0.050000 -0.049454 -0.047839 -0.045225 -0.041728 -0.037500 -0.032725 -0.027613 -0.022387 -0.017275 -0.012500 -0.008272 -0.004775 -0.002161 -0.000546 0.000000 0.000546 0.002161 0.004775 0.008272 0.012500 0.017275 0.022387 0.027613 0.032725 0.037500 0.041728 0.045225 0.047839 0.049454 0.050000 0.049454 0.047839 0.045225 0.041728 0.037500 0.032725 0.027613 0.022387 0.017275 0.012500 0.008272 0.004775 0.002161 0.000546 0.000000 
-0.000000 -0.002639 -0.006321 -0.010952 -0.016396 -0.022480 -0.028999 -0.035725 -0.042419 -0.048835 -0.054737 -0.059905 -0.064143 -0.067291 -0.069229 -0.069883 -0.069229 -0.067291 -0.064143 -0.059905 -0.054737 -0.048835 -0.042419 -0.035725 -0.028999 -0.022480 -0.016396 -0.010952 -0.006321 -0.002639 -0.000000 0.002639 0.006321 0.010952 0.016396 0.022480 0.028999 0.035725 0.042419 0.048835 0.054737 0.059905 0.064143 0.067291 0.069229 0.069883 0.069229 0.067291 0.064143 0.059905 0.054737 0.048835 0.042419 0.035725 0.028999 0.022480 0.016396 0.010952 0.006321 0.002639 0.000000 
-0.000000 -0.008905 -0.018773 -0.029445 -0.040719 -0.052359 -0.064100 -0.075659 -0.086744 -0.097065 -0.106343 -0.114322 -0.120778 -0.125527 -0.128432 -0.129410 -0.128432 -0.125527 -0.120778 -0.114322 -0.106343 -0.097065 -0.086744 -0.075659 -0.064100 -0.052359 -0.040719 -0.029445 -0.018773 -0.008905 -0.000000 0.008905 0.018773 0.029445 0.040719 0.052359 0.064100 0.075659 0.086744 0.097065 0.106343 0.114322 0.120778 0.125527 0.128432 0.129410 0.128432 0.125527 0.120778 0.114322 0.106343 0.097065 0.086744 0.075659 0.064100 0.052359 0.040719 0.029445 0.018773 0.008905 0.000000 
-0.000000 -0.019304 -0.039442 -0.060141 -0.081091 -0.101952 -0.122361 -0.141941 -0.160316 -0.177117 -0.191998 -0.204644 -0.214781 -0.222188 -0.226699 -0.228214 -0.226699 -0.222188 -0.214781 -0.204644 -0.191998 -0.177117 -0.160316 -0.141941 -0.122361 -0.101952 -0.081091 -0.060141 -0.039442 -0.019304 -0.000000 0.019304 0.039442 0.060141 0.081091 0.101952 0.122361 0.141941 0.160316 0.177117 0.191998 0.204644 0.214781 0.222188 0.226699 0.228214 0.226699 0.222188 0.214781 0.204644 0.191998 0.177117 0.160316 0.141941 0.122361 0.101952 0.081091 0.060141 0.039442 0.019304 0.000000 
-0.000000 -0.033773 -0.068199 -0.102849 -0.137263 -0.170955 -0.203423 -0.234163 -0.262680 -0.288498 -0.311176 -0.330315 -0.345574 -0.356678 -0.363423 -0.365685 -0.363423 -0.356678 -0.345574 -0.330315 -0.311176 -0.288498 -0.262680 -0.234163 -0.203423 -0.170955 -0.137263 -0.102849 -0.068199 -0.033773 -0.000000 0.033773 0.068199 0.102849 0.137263 0.170955 0.203423 0.234163 0.262680 0.288498 0.311176 0.330315 0.345574 0.356678 0.363423 0.365685 0.363423 0.356678 0.345574 0.330315 0.311176 0.288498 0.262680 0.234163 0.203423 0.170955 0.137263 0.102849 0.068199 0.033773 0.000000 
-0.000000 -0.052224 -0.104868 -0.157307 -0.208888 -0.258940 -0.306786 -0.351757 -0.393207 -0.430522 -0.463140 -0.490559 -0.512349 -0.528168 -0.537762 -0.540977 -0.537762 -0.528168 -0.512349 -0.490559 -0.463140 -0.430522 -0.393207 -0.351757 -0.306786 -0.258940 -0.208888 -0.157307 -0.104868 -0.052224 -0.000000 0.052224 0.104868 0.157307 0.208888 0.258940 0.306786 0.351757 0.393207 0.430522 0.463140 0.490559 0.512349 0.528168 0.537762 0.540977 0.537762 0.528168 0.512349 0.490559 0.463140 0.430522 0.393207 0.351757 0.306786 0.258940 0.208888 0.157307 0.104868 0.052224 0.000000 
-0.000000 -0.074541 -0.149222 -0.223180 -0.295526 -0.365366 -0.431813 -0.493997 -0.551090 -0.602313 -0.646955 -0.684388 -0.714079 -0.735601 -0.748640 -0.753008 -0.748640 -0.735601 -0.714079 -0.684388 -0.646955 -0.602313 -0.551090 -0.493997 -0.431813 -0.365366 -0.295526 -0.223180 -0.149222 -0.074541 -0.000000 0.074541 0.149222 0.223180 0.295526 0.365366 0.431813 0.493997 0.551090 0.602313 0.646955 0.684388 0.714079 0.735601 0.748640 0.753008 0.748640 0.735601 0.714079 0.684388 0.646955 0.602313 0.551090 0.493997 0.431813 0.365366 0.295526 0.223180 0.149222 0.074541 0.000000 
-0.000000 -0.100587 -0.200989 -0.300060 -0.396641 -0.489577 -0.577733 -0.660007 -0.735357 -0.802811 -0.861487 -0.910609 -0.949520 -0.977697 -0.994758 -1.000471 -0.994758 -0.977697 -0.949520 -0.910609 -0.861487 -0.802811 -0.735357 -0.660007 -0.577733 -0.489577 -0.396641 -0.300060 -0.200989 -0.100587 -0.000000 0.100587 0.200989 0.300060 0.396641 0.489577 0.577733 0.660007 0.735357 0.802811 0.861487 0.910609 0.949520 0.977697 0.994758 1.000471 0.994758 0.977697 0.949520 0.910609 0.861487 0.802811 0.735357 0.660007 0.577733 0.489577 0.396641 0.300060 0.200989 0.100587 0.000000 
-0.000000 -0.130203 -0.259848 -0.387473 -0.511611 -0.630807 -0.743646 -0.848763 -0.944872 -1.030781 -1.105413 -1.167825 -1.217220 -1.252964 -1.274598 -1.281840 -1.274598 -1.252964 -1.217220 -1.167825 -1.105413 -1.030781 -0.944872 -0.848763 -0.743646 -0.630807 -0.511611 -0.387473 -0.259848 -0.130203 -0.000000 0.130203 0.259848 0.387473 0.511611 0.630807 0.743646 0.848763 0.944872 1.030781 1.105413 1.167825 1.217220 1.252964 1.274598 1.281840 1.274598 1.252964 1.217220 1.167825 1.105413 1.030781 0.944872 0.848763 0.743646 0.630807 0.511611 0.387473 0.259848 0.130203 0.000000 
-0.000000 -0.163204 -0.325437 -0.484882 -0.639726 -0.788186 -0.928530 -1.059101 -1.178342 -1.284816 -1.377230 -1.454451 -1.515528 -1.559706 -1.586435 -1.595382 -1.586435 -1.559706 -1.515528 -1.454451 -1.377230 -1.284816 -1.178342 -1.059101 -0.928530 -0.788186 -0.639726 -0.484882 -0.325437 -0.163204 -0.000000 0.163204 0.325437 0.484882 0.639726 0.788186 0.928530 1.059101 1.178342 1.284816 1.377230 1.454451 1.515528 1.559706 1.586435 1.595382 1.586435 1.559706 1.515528 1.454451 1.377230 1.284816 1.178342 1.059101 0.928530 0.788186 0.639726 0.484882 0.325437 0.163204 0.000000 
-0.000000 -0.199388 -0.397352 -0.591685 -0.780197 -0.960742 -1.131244 -1.289725 -1.434329 -1.563352 -1.675261 -1.768720 -1.842606 -1.896030 -1.928346 -1.939161 -1.928346 -1.896030 -1.842606 -1.768720 -1.675261 -1.563352 -1.434329 -1.289725 -1.131244 -0.960742 -0.780197 -0.591685 -0.397352 -0.199388 -0.000000 0.199388 0.397352 0.591685 0.780197 0.960742 1.131244 1.289725 1.434329 1.563352 1.675261 1.768720 1.842606 1.896030 1.928346 1.939161 1.928346 1.896030 1.842606 1.768720 1.675261 1.563352 1.434329 1.289725 1.131244 0.960742 0.780197 0.591685 0.397352 0.199388 0.000000 
-0.000000 -0.238532 -0.475149 -0.707223 -0.932157 -1.147412 -1.350539 -1.539212 -1.711254 -1.864670 -1.997669 -2.108694 -2.196437 -2.259864 -2.298223 -2.311060 -2.298223 -2.259864 -2.196437 -2.108694 -1.997669 -1.864670 -1.711254 -1.539212 -1.350539 -1.147412 -0.932157 -0.707223 -0.475149 -0.238532 -0.000000 0.238532 0.475149 0.707223 0.932157 1.147412 1.350539 1.539212 1.711254 1.864670 1.997669 2.108694 2.196437 2.259864 2.298223 2.311060 2.298223 2.259864 2.196437 2.108694 1.997669 1.864670 1.711254 1.539212 1.350539 1.147412 0.932157 0.707223 0.475149 0.238532 0.000000 
-0.000000 -0.280394 -0.558348 -0.830785 -1.094670 -1.347045 -1.585063 -1.806024 -2.007410 -2.186912 -2.342467 -2.472277 -2.574840 -2.648963 -2.693786 -2.708785 -2.693786 -2.648963 -2.574840 -2.472277 -2.342467 -2.186912 -2.007410 -1.806024 -1.585063 -1.347045 -1.094670 -0.830785 -0.558348 -0.280394 -0.000000 0.280394 0.558348 0.830785 1.094670 1.347045 1.585063 1.806024 2.007410 2.186912 2.342467 2.472277 2.574840 2.648963 2.693786 2.708785 2.693786 2.648963 2.574840 2.472277 2.342467 2.186912 2.007410 1.806024 1.585063 1.347045 1.094670 0.830785 0.558348 0.280394 0.000000 
-0.000000 -0.324717 -0.646437 -0.961609 -1.266735 -1.558411 -1.833370 -2.088517 -2.320971 -2.528093 -2.707528 -2.857228 -2.975481 -3.060930 -3.112596 -3.129884 -3.112596 -3.060930 -2.975481 -2.857228 -2.707528 -2.528093 -2.320971 -2.088517 -1.833370 -1.558411 -1.266735 -0.961609 -0.646437 -0.324717 -0.000000 0.324717 0.646437 0.961609 1.266735 1.558411 1.833370 2.088517 2.320971 2.528093 2.707528 2.857228 2.975481 3.060930 3.112596 3.129884 3.112596 3.060930 2.975481 2.857228 2.707528 2.528093 2.320971 2.088517 1.833370 1.558411 1.266735 0.961609 0.646437 0.324717 0.000000 
-0.000000 -0.371226 -0.738873 -1.098888 -1.447289 -1.780206 -2.093929 -2.384949 -2.650003 -2.886108 -3.090602 -3.261173 -3.395890 -3.493225 -3.552071 -3.571761 -3.552071 -3.493225 -3.395890 -3.261173 -3.090602 -2.886108 -2.650003 -2.384949 -2.093929 -1.780206 -1.447289 -1.098888 -0.738873 -0.371226 -0.000000 0.371226 0.738873 1.098888 1.447289 1.780206 2.093929 2.384949 2.650003 2.886108 3.090602 3.261173 3.395890 3.493225 3.552071 3.571761 3.552071 3.493225 3.395890 3.261173 3.090602 2.886108 2.650003 2.384949 2.093929 1.780206 1.447289 1.098888 0.738873 0.371226 0.000000 
-0.000000 -0.419636 -0.835085 -1.241776 -1.635220 -2.011062 -2.365133 -2.693492 -2.992479 -3.258751 -3.489328 -3.681623 -3.833476 -3.943181 -4.009502 -4.031692 -4.009502 -3.943181 -3.833476 -3.681623 -3.489328 -3.258751 -2.992479 -2.693492 -2.365133 -2.011062 -1.635220 -1.241776 -0.835085 -0.419636 -0.000000 0.419636 0.835085 1.241776 1.635220 2.011062 2.365133 2.693492 2.992479 3.258751 3.489328 3.681623 3.833476 3.943181 4.009502 4.031692 4.009502 3.943181 3.833476 3.681623 3.489328 3.258751 2.992479 2.693492 2.365133 2.011062 1.635220 1.241776 0.835085 0.419636 0.000000 
-0.000000 -0.469647 -0.934480 -1.389391 -1.829369 -2.249557 -2.645311 -3.012244 -3.346286 -3.643723 -3.901246 -4.115983 -4.285541 -4.408025 -4.482067 -4.506840 -4.482067 -4.408025 -4.285541 -4.115983 -3.901246 -3.643723 -3.346286 -3.012244 -2.645311 -2.249557 -1.829369 -1.389391 -0.934480 -0.469647 -0.000000 0.469647 0.934480 1.389391 1.829369 2.249557 2.645311 3.012244 3.346286 3.643723 3.901246 4.115983 4.285541 4.408025 4.482067 4.506840 4.482067 4.408025 4.285541 4.115983 3.901246 3.643723 3.346286 3.012244 2.645311 2.249557 1.829369 1.389391 0.934480 0.469647 0.000000 
-0.000000 -0.520952 -1.036446 -1.540824 -2.028539 -2.494221 -2.932734 -3.339240 -3.709243 -4.038652 -4.323817 -4.561578 -4.749297 -4.884891 -4.966855 -4.994277 -4.966855 -4.884891 -4.749297 -4.561578 -4.323817 -4.038652 -3.709243 -3.339240 -2.932734 -2.494221 -2.028539 -1.540824 -1.036446 -0.520952 -0.000000 0.520952 1.036446 1.540824 2.028539 2.494221 2.932734 3.339240 3.709243 4.038652 4.323817 4.561578 4.749297 4.884891 4.966855 4.994277 4.966855 4.884891 4.749297 4.561578 4.323817 4.038652 3.709243 3.339240 2.932734 2.494221 2.028539 1.540824 1.036446 0.520952 0.000000 
-0.000000 -0.573233 -1.140355 -1.695141 -2.231503 -2.743543 -3.225632 -3.672463 -4.079114 -4.441102 -4.754436 -5.015658 -5.221885 -5.370839 -5.460875 -5.490998 -5.460875 -5.370839 -5.221885 -5.015658 -4.754436 -4.441102 -4.079114 -3.672463 -3.225632 -2.743543 -2.231503 -1.695141 -1.140355 -0.573233 -0.000000 0.573233 1.140355 1.695141 2.231503 2.743543 3.225632 3.672463 4.079114 4.441102 4.754436 5.015658 5.221885 5.370839 5.460875 5.490998 5.460875 5.370839 5.221885 5.015658 4.754436 4.441102 4.079114 3.672463 3.225632 2.743543 2.231503 1.695141 1.140355 0.573233 0.000000 
-0.000000 -0.626170 -1.245564 -1.851391 -2.437008 -2.995989 -3.522198 -4.009859 -4.453616 -4.848592 -5.190448 -5.475426 -5.700392 -5.862873 -5.961082 -5.993939 -5.961082 -5.862873 -5.700392 -5.475426 -5.190448 -4.848592 -4.453616 -4.009859 -3.522198 -2.995989 -2.437008 -1.851391 -1.245564 -0.626170 -0.000000 0.626170 1.245564 1.851391 2.437008 2.995989 3.522198 4.009859 4.453616 4.848592 5.190448 5.475426 5.700392 5.862873 5.961082 5.993939 5.961082 5.862873 5.700392 5.475426 5.190448 4.848592 4.453616 4.009859 3.522198 2.995989 2.437008 1.851391 1.245564 0.626170 0.000000 
-0.000000 -0.679435 -1.351426 -2.008610 -2.643788 -3.250000 -3.820604 -4.349349 -4.830441 -5.258610 -5.629165 -5.938045 -6.181867 -6.357959 -6.464392 -6.500000 -6.464392 -6.357959 -6.181867 -5.938045 -5.629165 -5.258610 -4.830441 -4.349349 -3.820604 -3.250000 -2.643788 -2.008610 -1.351426 -0.679435 -0.000000 0.679435 1.351426 2.008610 2.643788 3.250000 3.820604 4.349349 4.830441 5.258610 5.629165 5.938045 6.181867 6.357959 6.464392 6.500000 6.464392 6.357959 6.181867 5.938045 5.629165 5.258610 4.830441 4.349349 3.820604 3.250000 2.643788 2.008610 1.351426 0.679435 0.000000 
