1.000000 0.997261 0.989074 0.975528 0.956773 0.933013 0.904508 0.871572 0.834565 0.793893 0.750000 0.703368 0.654508 0.603956 0.552264 0.500000 0.447736 0.396044 0.345492 0.296632 0.250000 0.206107 0.165435 0.128428 0.095492 0.066987 0.043227 0.024472 0.010926 0.002739 0.000000 0.002739 0.010926 0.024472 0.043227 0.066987 0.095492 0.128428 0.165435 0.206107 0.250000 0.296632 0.345492 0.396044 0.447736 0.500000 0.552264 0.603956 0.654508 0.703368 0.750000 0.793893 0.834565 0.871572 0.904508 0.933013 0.956773 0.975528 0.989074 0.997261 1.000000 
1.018496 1.015656 1.007166 0.993119 0.973670 0.949031 0.919472 0.885318 0.846942 0.804764 0.759248 0.710891 0.660224 0.607801 0.554198 0.500000 0.445802 0.392199 0.339776 0.289109 0.240752 0.195236 0.153058 0.114682 0.080528 0.050969 0.026330 0.006881 -0.007166 -0.015656 -0.018496 -0.015656 -0.007166 0.006881 0.026330 0.050969 0.080528 0.114682 0.153058 0.195236 0.240752 0.289109 0.339776 0.392199 0.445802 0.500000 0.554198 0.607801 0.660224 0.710891 0.759248 0.804764 0.846942 0.885318 0.919472 0.949031 0.973670 0.993119 1.007166 1.015656 1.018496 
1.073870 1.070726 1.061330 1.045783 1.024256 0.996986 0.964271 0.926468 0.883994 0.837312 0.786935 0.733414 0.677336 0.619314 0.559986 0.500000 0.440014 0.380686 0.322664 0.266586 0.213065 0.162688 0.116006 0.073532 0.035729 0.003014 -0.024256 -0.045783 -0.061330 -0.070726 -0.073870 -0.070726 -0.061330 -0.045783 -0.024256 0.003014 0.035729 0.073532 0.116006 0.162688 0.213065 0.266586 0.322664 0.380686 0.440014 0.500000 0.559986 0.619314 0.677336 0.733414 0.786935 0.837312 0.883994 0.926468 0.964271 0.996986 1.024256 1.045783 1.061330 1.070726 1.073870 
1.165780 1.162133 1.151232 1.133195 1.108221 1.076583 1.038628 0.994771 0.945494 0.891336 0.832890 0.770797 0.705737 0.638424 0.569593 0.500000 0.430407 0.361576 0.294263 0.229203 0.167110 0.108664 0.054506 0.005229 -0.038628 -0.076583 -0.108221 -0.133195 -0.151232 -0.162133 -0.165780 -0.162133 -0.151232 -0.133195 -0.108221 -0.076583 -0.038628 0.005229 0.054506 0.108664 0.167110 0.229203 0.294263 0.361576 0.430407 0.500000 0.569593 0.638424 0.705737 0.770797 0.832890 0.891336 0.945494 0.994771 1.038628 1.076583 1.108221 1.133195 1.151232 1.162133 1.165780 
1.293661 1.289313 1.276318 1.254816 1.225045 1.187331 1.142085 1.089805 1.031063 0.966502 0.896830 0.822811 0.745255 0.665011 0.582960 0.500000 0.417040 0.334989 0.254745 0.177189 0.103170 0.033498 -0.031063 -0.089805 -0.142085 -0.187331 -0.225045 -0.254816 -0.276318 -0.289313 -0.293661 -0.289313 -0.276318 -0.254816 -0.225045 -0.187331 -0.142085 -0.089805 -0.031063 0.033498 0.103170 0.177189 0.254745 0.334989 0.417040 0.500000 0.582960 0.665011 0.745255 0.822811 0.896830 0.966502 1.031063 1.089805 1.142085 1.187331 1.225045 1.254816 1.276318 1.289313 1.293661 
1.456723 1.451482 1.435816 1.409897 1.374010 1.328546 1.274005 1.210984 1.140173 1.062348 0.978361 0.889134 0.795644 0.698914 0.600005 0.500000 0.399995 0.301086 0.204356 0.110866 0.021639 -0.062348 -0.140173 -0.210984 -0.274005 -0.328546 -0.374010 -0.409897 -0.435816 -0.451482 -0.456723 -0.451482 -0.435816 -0.409897 -0.374010 -0.328546 -0.274005 -0.210984 -0.140173 -0.062348 0.021639 0.110866 0.204356 0.301086 0.399995 0.500000 0.600005 0.698914 0.795644 0.889134 0.978361 1.062348 1.140173 1.210984 1.274005 1.328546 1.374010 1.409897 1.435816 1.451482 1.456723 
1.653961 1.647639 1.628744 1.597482 1.554196 1.499359 1.433574 1.357560 1.272151 1.178281 1.076980 0.969358 0.856594 0.739922 0.620622 0.500000 0.379378 0.260078 0.143406 0.030642 -0.076980 -0.178281 -0.272151 -0.357560 -0.433574 -0.499359 -0.554196 -0.597482 -0.628744 -0.647639 -0.653961 -0.647639 -0.628744 -0.597482 -0.554196 -0.499359 -0.433574 -0.357560 -0.272151 -0.178281 -0.076980 0.030642 0.143406 0.260078 0.379378 0.500000 0.620622 0.739922 0.856594 0.969358 1.076980 1.178281 1.272151 1.357560 1.433574 1.499359 1.554196 1.597482 1.628744 1.647639 1.653961 
1.884159 1.876576 1.853912 1.816413 1.764492 1.698717 1.619808 1.528631 1.426183 1.313588 1.192080 1.062988 0.927729 0.787783 0.644684 0.500000 0.355316 0.212217 0.072271 -0.062988 -0.192080 -0.313588 -0.426183 -0.528631 -0.619808 -0.698717 -0.764492 -0.816413 -0.853912 -0.876576 -0.884159 -0.876576 -0.853912 -0.816413 -0.764492 -0.698717 -0.619808 -0.528631 -0.426183 -0.313588 -0.192080 -0.062988 0.072271 0.212217 0.355316 0.500000 0.644684 0.787783 0.927729 1.062988 1.192080 1.313588 1.426183 1.528631 1.619808 1.698717 1.764492 1.816413 1.853912 1.876576 1.884159 
2.145898 2.136882 2.109931 2.065342 2.003603 1.925390 1.831559 1.723141 1.601321 1.467435 1.322949 1.169447 1.008610 0.842201 0.672043 0.500000 0.327957 0.157799 -0.008610 -0.169447 -0.322949 -0.467435 -0.601321 -0.723141 -0.831559 -0.925390 -1.003603 -1.065342 -1.109931 -1.136882 -1.145898 -1.136882 -1.109931 -1.065342 -1.003603 -0.925390 -0.831559 -0.723141 -0.601321 -0.467435 -0.322949 -0.169447 -0.008610 0.157799 0.327957 0.500000 0.672043 0.842201 1.008610 1.169447 1.322949 1.467435 1.601321 1.723141 1.831559 1.925390 2.003603 2.065342 2.109931 2.136882 2.145898 
2.437564 2.426950 2.395224 2.342733 2.270053 2.177980 2.067522 1.939891 1.796484 1.638872 1.468782 1.288078 1.098740 0.902842 0.702531 0.500000 0.297469 0.097158 -0.098740 -0.288078 -0.468782 -0.638872 -0.796484 -0.939891 -1.067522 -1.177980 -1.270053 -1.342733 -1.395224 -1.426950 -1.437564 -1.426950 -1.395224 -1.342733 -1.270053 -1.177980 -1.067522 -0.939891 -0.796484 -0.638872 -0.468782 -0.288078 -0.098740 0.097158 0.297469 0.500000 0.702531 0.902842 1.098740 1.288078 1.468782 1.638872 1.796484 1.939891 2.067522 2.177980 2.270053 2.342733 2.395224 2.426950 2.437564 
2.757359 2.744993 2.708031 2.646876 2.562200 2.454931 2.326242 2.177545 2.010468 1.826843 1.628680 1.418151 1.197562 0.969331 0.735958 0.500000 0.264042 0.030669 -0.197562 -0.418151 -0.628680 -0.826843 -1.010468 -1.177545 -1.326242 -1.454931 -1.562200 -1.646876 -1.708031 -1.744993 -1.757359 -1.744993 -1.708031 -1.646876 -1.562200 -1.454931 -1.326242 -1.177545 -1.010468 -0.826843 -0.628680 -0.418151 -0.197562 0.030669 0.264042 0.500000 0.735958 0.969331 1.197562 1.418151 1.628680 1.826843 2.010468 2.177545 2.326242 2.454931 2.562200 2.646876 2.708031 2.744993 2.757359 
3.103312 3.089050 3.046423 2.975897 2.878244 2.754534 2.606123 2.434638 2.241956 2.030188 1.801656 1.558862 1.304468 1.041259 0.772120 0.500000 0.227880 -0.041259 -0.304468 -0.558862 -0.801656 -1.030188 -1.241956 -1.434638 -1.606123 -1.754534 -1.878244 -1.975897 -2.046423 -2.089050 -2.103312 -2.089050 -2.046423 -1.975897 -1.878244 -1.754534 -1.606123 -1.434638 -1.241956 -1.030188 -0.801656 -0.558862 -0.304468 -0.041259 0.227880 0.500000 0.772120 1.041259 1.304468 1.558862 1.801656 2.030188 2.241956 2.434638 2.606123 2.754534 2.878244 2.975897 3.046423 3.089050 3.103312 
3.473288 3.457001 3.408315 3.327765 3.216234 3.074943 2.905441 2.709584 2.489518 2.247655 1.986644 1.709345 1.418797 1.118181 0.810793 0.500000 0.189207 -0.118181 -0.418797 -0.709345 -0.986644 -1.247655 -1.489518 -1.709584 -1.905441 -2.074943 -2.216234 -2.327765 -2.408315 -2.457001 -2.473288 -2.457001 -2.408315 -2.327765 -2.216234 -2.074943 -1.905441 -1.709584 -1.489518 -1.247655 -0.986644 -0.709345 -0.418797 -0.118181 0.189207 0.500000 0.810793 1.118181 1.418797 1.709345 1.986644 2.247655 2.489518 2.709584 2.905441 3.074943 3.216234 3.327765 3.408315 3.457001 3.473288 
3.865009 3.846575 3.791475 3.700313 3.574088 3.414183 3.222349 3.000689 2.751630 2.477902 2.182504 1.868672 1.539845 1.199625 0.851739 0.500000 0.148261 -0.199625 -0.539845 -0.868672 -1.182504 -1.477902 -1.751630 -2.000689 -2.222349 -2.414183 -2.574088 -2.700313 -2.791475 -2.846575 -2.865009 -2.846575 -2.791475 -2.700313 -2.574088 -2.414183 -2.222349 -2.000689 -1.751630 -1.477902 -1.182504 -0.868672 -0.539845 -0.199625 0.148261 0.500000 0.851739 1.199625 1.539845 1.868672 2.182504 2.477902 2.751630 3.000689 3.222349 3.414183 3.574088 3.700313 3.791475 3.846575 3.865009 
4.276057 4.255371 4.193541 4.091244 3.949600 3.770161 3.554894 3.306157 3.026675 2.719511 2.388029 2.035861 1.666866 1.285086 0.894705 0.500000 0.105295 -0.285086 -0.666866 -1.035861 -1.388029 -1.719511 -2.026675 -2.306157 -2.554894 -2.770161 -2.949600 -3.091244 -3.193541 -3.255371 -3.276057 -3.255371 -3.193541 -3.091244 -2.949600 -2.770161 -2.554894 -2.306157 -2.026675 -1.719511 -1.388029 -1.035861 -0.666866 -0.285086 0.105295 0.500000 0.894705 1.285086 1.666866 2.035861 2.388029 2.719511 3.026675 3.306157 3.554894 3.770161 3.949600 4.091244 4.193541 4.255371 4.276057 
4.703899 4.680870 4.612034 4.498146 4.340453 4.140684 3.901026 3.624106 3.312958 2.970990 2.601950 2.209880 1.799076 1.374040 0.939427 0.500000 0.060573 -0.374040 -0.799076 -1.209880 -1.601950 -1.970990 -2.312958 -2.624106 -2.901026 -3.140684 -3.340453 -3.498146 -3.612034 -3.680870 -3.703899 -3.680870 -3.612034 -3.498146 -3.340453 -3.140684 -2.901026 -2.624106 -2.312958 -1.970990 -1.601950 -1.209880 -0.799076 -0.374040 0.060573 0.500000 0.939427 1.374040 1.799076 2.209880 2.601950 2.970990 3.312958 3.624106 3.901026 4.140684 4.340453 4.498146 4.612034 4.680870 4.703899 
5.145898 5.120447 5.044374 4.918512 4.744239 4.523466 4.258610 3.952575 3.608713 3.230790 2.822949 2.389657 1.935661 1.465937 0.985629 0.500000 0.014371 -0.465937 -0.935661 -1.389657 -1.822949 -2.230790 -2.608713 -2.952575 -3.258610 -3.523466 -3.744239 -3.918512 -4.044374 -4.120447 -4.145898 -4.120447 -4.044374 -3.918512 -3.744239 -3.523466 -3.258610 -2.952575 -2.608713 -2.230790 -1.822949 -1.389657 -0.935661 -0.465937 0.014371 0.500000 0.985629 1.465937 1.935661 2.389657 2.822949 3.230790 3.608713 3.952575 4.258610 4.523466 4.744239 4.918512 5.044374 5.120447 5.145898 
5.599328 5.571393 5.487895 5.349749 5.158468 4.916147 4.625443 4.289539 3.912116 3.497310 3.049664 2.574083 2.075779 1.560210 1.033025 0.500000 -0.033025 -0.560210 -1.075779 -1.574083 -2.049664 -2.497310 -2.912116 -3.289539 -3.625443 -3.916147 -4.158468 -4.349749 -4.487895 -4.571393 -4.599328 -4.571393 -4.487895 -4.349749 -4.158468 -3.916147 -3.625443 -3.289539 -2.912116 -2.497310 -2.049664 -1.574083 -1.075779 -0.560210 -0.033025 0.500000 1.033025 1.560210 2.075779 2.574083 3.049664 3.497310 3.912116 4.289539 4.625443 4.916147 5.158468 5.349749 5.487895 5.571393 5.599328 
6.061393 6.030927 5.939863 5.789199 5.580586 5.316308 4.999262 4.632921 4.221298 3.768905 3.280697 2.762022 2.218565 1.656279 1.081324 0.500000 -0.081324 -0.656279 -1.218565 -1.762022 -2.280697 -2.768905 -3.221298 -3.632921 -3.999262 -4.316308 -4.580586 -4.789199 -4.939863 -5.030927 -5.061393 -5.030927 -4.939863 -4.789199 -4.580586 -4.316308 -3.999262 -3.632921 -3.221298 -2.768905 -2.280697 -1.762022 -1.218565 -0.656279 -0.081324 0.500000 1.081324 1.656279 2.218565 2.762022 3.280697 3.768905 4.221298 4.632921 4.999262 5.316308 5.580586 5.789199 5.939863 6.030927 6.061393 
6.529245 6.496217 6.397492 6.234153 6.007990 5.721480 5.377762 4.980603 4.534353 4.043902 3.514623 2.952315 2.363139 1.753551 1.130228 0.500000 -0.130228 -0.753551 -1.363139 -1.952315 -2.514623 -3.043902 -3.534353 -3.980603 -4.377762 -4.721480 -5.007990 -5.234153 -5.397492 -5.496217 -5.529245 -5.496217 -5.397492 -5.234153 -5.007990 -4.721480 -4.377762 -3.980603 -3.534353 -3.043902 -2.514623 -1.952315 -1.363139 -0.753551 -0.130228 0.500000 1.130228 1.753551 2.363139 2.952315 3.514623 4.043902 4.534353 4.980603 5.377762 5.721480 6.007990 6.234153 6.397492 6.496217 6.529245 
7.000000 6.964392 6.857959 6.681867 6.438045 6.129165 5.758610 5.330441 4.849349 4.320604 3.750000 3.143788 2.508610 1.851426 1.179435 0.500000 -0.179435 -0.851426 -1.508610 -2.143788 -2.750000 -3.320604 -3.849349 -4.330441 -4.758610 -5.129165 -5.438045 -5.681867 -5.857959 -5.964392 -6.000000 -5.964392 -5.857959 -5.681867 -5.438045 -5.129165 -4.758610 -4.330441 -3.849349 -3.320604 -2.750000 -2.143788 -1.508610 -0.851426 -0.179435 0.500000 1.179435 1.851426 2.508610 3.143788 3.750000 4.320604 4.849349 5.330441 5.758610 6.129165 6.438045 6.681867 6.857959 6.964392 7.000000 
