0.423059
0.260561
0.204737
0.163864
0.131575
0.104768
0.081757
0.061538
0.043466
0.027103
0.012136
-0.001665
-0.014475
-0.026429
-0.037637
-0.048187
-0.058148
-0.067583
-0.076541
-0.085064
-0.093189
-0.100948
-0.108368
-0.115474
-0.122286
-0.128824
-0.135104
-0.141142
-0.146950
-0.152541
-0.157926
-0.163115
-0.168116
-0.172939
-0.177591
-0.182079
-0.186408
-0.190586
-0.194618
-0.198508
-0.202261
-0.205882
-0.209375
-0.212743
-0.215990
-0.219120
-0.222134
-0.225037
-0.227831
-0.230517
-0.233100
-0.235580
-0.237960
-0.240242
-0.242428
-0.244519
-0.246516
-0.248422
-0.250238
-0.251965
-0.253604
-0.255157
-0.256624
-0.258006
-0.259305
-0.260521
-0.261655
-0.262708
-0.263681
-0.264573
-0.265386
-0.266120
-0.266775
-0.267353
-0.267853
-0.268275
-0.268620
-0.268889
-0.269080
-0.269195
-0.269233
-0.269195
-0.269080
-0.268889
-0.268620
-0.268275
-0.267853
-0.267353
-0.266775
-0.266120
-0.265386
-0.264573
-0.263681
-0.262708
-0.261655
-0.260521
-0.259305
-0.258006
-0.256624
-0.255157
-0.253604
-0.251965
-0.250238
-0.248422
-0.246516
-0.244519
-0.242428
-0.240242
-0.237960
-0.235580
-0.233100
-0.230517
-0.227831
-0.225037
-0.222134
-0.219120
-0.215990
-0.212743
-0.209375
-0.205882
-0.202261
-0.198508
-0.194618
-0.190586
-0.186408
-0.182079
-0.177591
-0.172939
-0.168116
-0.163115
-0.157926
-0.152541
-0.146950
-0.141142
-0.135104
-0.128824
-0.122286
-0.115474
-0.108368
-0.100948
-0.093189
-0.085064
-0.076541
-0.067583
-0.058148
-0.048187
-0.037637
-0.026429
-0.014475
-0.001665
0.012136
0.027103
0.043466
0.061538
0.081757
0.104768
0.131575
0.163864
0.204737
0.260561
0.423059
