0.239383
0.146681
0.116087
0.094010
0.076735
0.062491
0.050328
0.039686
0.030207
0.021649
0.013841
0.006657
0.000001
-0.006200
-0.012006
-0.017462
-0.022609
-0.027478
-0.032096
-0.036486
-0.040667
-0.044657
-0.048471
-0.052119
-0.055616
-0.058969
-0.062188
-0.065282
-0.068256
-0.071118
-0.073874
-0.076528
-0.079085
-0.081550
-0.083927
-0.086219
-0.088429
-0.090562
-0.092619
-0.094604
-0.096519
-0.098365
-0.100146
-0.101863
-0.103518
-0.105112
-0.106648
-0.108126
-0.109549
-0.110917
-0.112232
-0.113495
-0.114706
-0.115867
-0.116979
-0.118043
-0.119060
-0.120029
-0.120953
-0.121831
-0.122665
-0.123454
-0.124200
-0.124903
-0.125563
-0.126181
-0.126758
-0.127293
-0.127787
-0.128241
-0.128654
-0.129027
-0.129360
-0.129654
-0.129908
-0.130122
-0.130298
-0.130434
-0.130531
-0.130590
-0.130609
-0.130590
-0.130531
-0.130434
-0.130298
-0.130122
-0.129908
-0.129654
-0.129360
-0.129027
-0.128654
-0.128241
-0.127787
-0.127293
-0.126758
-0.126181
-0.125563
-0.124903
-0.124200
-0.123454
-0.122665
-0.121831
-0.120953
-0.120029
-0.119060
-0.118043
-0.116979
-0.115867
-0.114706
-0.113495
-0.112232
-0.110917
-0.109549
-0.108126
-0.106648
-0.105112
-0.103518
-0.101863
-0.100146
-0.098365
-0.096519
-0.094604
-0.092619
-0.090562
-0.088429
-0.086219
-0.083927
-0.081550
-0.079085
-0.076528
-0.073874
-0.071118
-0.068256
-0.065282
-0.062188
-0.058969
-0.055616
-0.052119
-0.048471
-0.044657
-0.040667
-0.036486
-0.032096
-0.027478
-0.022609
-0.017462
-0.012006
-0.006200
0.000001
0.006657
0.013841
0.021649
0.030207
0.039686
0.050328
0.062491
0.076735
0.094010
0.116087
0.146681
0.239383
