-18345905892969774187096041821299916317878715421940990462366700660382250789143122687164431185937770466608616034226010395553980733045141881770209444410810788750624387723980825838171603498446387937280.000000
-25190357172563296965364634900469156995662876911118381378732416871429705903682016096877637958911810869678706437855253076970749348702153435611191330590333066135794774297564340346919983596413277700096.000000
-31944199041893871962684467280517633008099319503205633490693052038461571452447485373235152130332407282277739790362428335014735730329993523657667415451609143168206421742004046268699158005742940717056.000000
-40333045015067806102269210756129502117614014425527982486943118938577629452380862236559702157990494097435724211238417925533564610281467560285488115826119479654319268939092663849079874080304661528576.000000
-50674999928706271459703696144378031291059904937629724541664465517852760019614188134633406930279386873389363177982836802157609343862451518562898370772245574239349014853297091080935968025968952475648.000000
-63313775720540582391587722712599535759107654123819434924375495870163023379557785562863069401484711708595017930309776211735679354544211217275435064582698599325207904369840562368619627743345945608192.000000
-78600782416027558595768638009507344214309780235123423609030933979730434741381468500765277157979026447972548053974857396281659741823578826382199598946048974716923113215365634830198567464923905916928.000000
-96863912037286468805105336719123367349109011793279689768301366131357077934436814917683626262877283586925734837067608433536113818973011289024225961926286188290141699059419363254632023326594909077504.000000
-118357486171089084929915076897765704072119731925949555134518498148833790035795762580973651475606172388003577963647052041326679636880684262525512567386373977340131720525270863076287749286205742645248.000000
-143186600392035331409813542445044184539048375163411617785257828179503309551139081047478844912921142103534691454389719094553080203991161862102950049152748531269314389098488347476545029521254631079936.000000
-171198278176689537430347625461909580794230289080118677237225044596574192704663700226310096394939690868451404815771595066674829720691612472377544828744091116605336898635992473523842683320274799034368.000000
-201832242749805735873731778263952255332549470123127370746862689755764606645554869300574802245837274001940417875320024812777766508831981197098579891072924651602272795303471390840033687952550201917440.000000
-233927240265400825794581256352379419952509400274516022340151742163787237161032658618614860895710409521662213268630126663435339561797356984211716020946882316424492924061333178591023555400646600425472.000000
-265487445785563777810141859090998305218832267300798087168461015219096514030340257352235046017458292107894278412341773643927872770972627874043173028990147539427948750362506368844785080622228032192512.000000
-293432387838291871028954628988843590873394860304898487075814699138969065008478904036441477663982512907830362367193307837123339483819345445419979435669669487235894092408378704211157405095287536484352.000000
-313391369837123993086277329834099661298372782256334589703062167565930517061044588857829919810810819723404266434874674207623975004226979511720248338506459960762261231138852620055999345561766033620992.000000
-319673676463018796615529928012420483662895973470854437690724685550136339134391111690093111523699121307681832291864073769214042887665649450642356397937425132723682963638776649589956546353116508848128.000000
-305672581190554245324116635140339663437601245139263485450139278437440885502627743283695221212946476839641001960886973453270558183605675917546909249905782361011216599335119547750574661809783426777088.000000
-265183493878168413783723491102528144061565342090823543918750141624663620107206964600585787832975770301612410414611009082849578031099483408478280144353829281519327158253408366396487304562234162675712.000000
-195498839380263772542918543259382353990998517628264539388475160453733302106389529808537172897392878425171759173853507403307203570616961407846321773490424114293201191220627677149569786989854555373568.000000
-106350296651225389835761876199433724293719455599842296082962399988182883658240038806186061270158988950219782608359412957149391354948329150095947555027016678924608042337033487389528573869074709217280.000000
