0.354817
0.178335
0.116722
0.071278
0.035248
0.005312
-0.020346
-0.042815
-0.062797
-0.080773
-0.097084
-0.111986
-0.125672
-0.138292
-0.149969
-0.160798
-0.170860
-0.180222
-0.188940
-0.197061
-0.204626
-0.211669
-0.218222
-0.224309
-0.229954
-0.235178
-0.239997
-0.244428
-0.248483
-0.252176
-0.255516
-0.258512
-0.261173
-0.263506
-0.265516
-0.267209
-0.268589
-0.269658
-0.270421
-0.270877
-0.271029
-0.270877
-0.270421
-0.269658
-0.268589
-0.267209
-0.265516
-0.263506
-0.261173
-0.258512
-0.255516
-0.252176
-0.248483
-0.244428
-0.239997
-0.235178
-0.229954
-0.224309
-0.218222
-0.211669
-0.204626
-0.197061
-0.188940
-0.180222
-0.170860
-0.160798
-0.149969
-0.138292
-0.125672
-0.111986
-0.097084
-0.080773
-0.062797
-0.042815
-0.020346
0.005312
0.035248
0.071278
0.116722
0.178335
0.354817
