-25642309333501675883568071994708689536767575393032851123936327852898786751653343402853225992197881633267944962716974864541154475803117088294290855062798669223388171625152909687732662251290624.000000
-36629890961347488634635840681998937077729498802307840017842490209694824596518291674678447983219895185705878911927334044022039460268667220977898217854478043754400449814576525892409593151094784.000000
-33375481568148152492557753212042758250960297833163634103312399740626007769852783294731542117426558576353062923595806924618176092513558703393276740580000078826330598472479184102228342803005440.000000
-30673686210275490924868795005319060306164459869264076976895019022845190024959308083704982251275249117154558090111741793799448766926257867661924730711759945819130026657423909871165703716864000.000000
-28456224962947071574878188587276055169642058844531004176097035969807443129629301446167934953370889368990901154933203649720199713714832910361823848491257738423188350999596442007074692575264768.000000
-26667077816902577579037809728044602788944654238212784365296886258544837223406703586239332473297680668562960386104031718449618005506440402052582873016303525172703487251396024967774655641288704.000000
-25261059941002397481687006955536803186890237103204448438859941123626755014559979702777652695868110976750911934979638443947632984872708263576458878021163762326308228518389575683293753108332544.000000
-24202672556243117560746156688601287197043061983542929232844719878143824863092920244487525361187467043920488066842384233764071934342528241411082974435061841144667062159986502080693426238521344.000000
-23465200173339338351884704375580978626511122954871711386854028493479101447507185815486762744925027944807520864398187421815481347396527300122726827758871641081928179356973642969654335075516416.000000
-23030031216208598609144377818950452422588422519891145011925922727650604606177778215389232849724130467847706380773627693108320964889770117005737877222536453295913001706920658662991546596458496.000000
-22886184739306145059047941593214768754167397502161662479877024204974426109802168335642775179731455253495778758859048387603442507534716329404171579827426489106783632529784298355365805239042048.000000
-23030031192318262605733086181351144510241845422265709634462387717199494641607775130119021510515192403419269184702417736589429220911671584519952718948383261045386855316985444042186680692637696.000000
-23465200124791993545219003450537889571181434557127460757033814820905988169594865569738913436907542398472213771341372563672704438845323588628732718263917536749660278950340659388592242875695104.000000
-24202672481474100386383680787904593466235602074902095128932948392089643253878947669615295334013641036753466835642411768240775152400500030617928269760800454503882570362636368444552830078943232.000000
-25261059837594834829296814269072723825604376486194132938455425918345667139993537978596029588648359888205879328885358261496214778498008310587303494423985827156736261596348077271721108823867392.000000
-26667077681491648161954961235914987619817341537168640921671244785215577393088606839952997107201404801418171724971762922294556246088502700176298555255132961754491033488151609952666656914276352.000000
-28456224791096396131377125768183763085002705311550239813066281788028427118890110948796419261179561899692380511174013390023443053019909021301608478934838913189688066936211531386420882676121600.000000
-30673685996307641640641850761466978100430595557818177477907483350978205943779991639661665119447941672496849654820973775385596297130946218084592598869491111327732011742425005180230414960164864.000000
-33375481304934101619262703871706231066503630023810216834484266221324733839465056205679359233705319562521399047325616867680195510849772125281013343023892841586808773815582131734847597567803392.000000
-36629890640037825638720630270598994137193104693980635426160940359843979920078445980706519821428548823852489082946874269066443993822543606596337876636242072990501747212957495523853315176660992.000000
-25642309104349148742859300162967761162787101523824326898298865712948481529537642479863059021628549285670358405449170568906353638501308570985759610183414475951633376583558802179041405534470144.000000
